Label,Text,#ascii/(#ascii+#digit+#punctuation),#digit/(#ascii+#digit+#punctuation),%kwName,%kwAddress,%kwPhone,#max_digit_skip_0_1,first_character_ascii,first_character_digit
1,"52/9 huynh thien loc, phuong hoa thanh, quan tan phu, tp ho chi minh",0.8727272727272727,0.05454545454545454,0,0.024691358024691357,0.0,2,0,1
1,"33 tran van danh, phuong 13, quan tan binh, tp ho chi minh",0.8478260869565217,0.08695652173913043,0,0.024691358024691357,0.0,3,0,1
1,"117 duong so 3, cu xa do thanh, phuong 04, quan 3, tp ho chi minh",0.78,0.14,0,0.037037037037037035,0.0,3,0,1
1,"b4/15c ap 2, xa vinh loc a, huyen binh chanh, tp ho chi minh",0.8297872340425532,0.0851063829787234,0,0.037037037037037035,0.0,2,1,0
1,"81/8 le lieu, phuong tan quy, quan tan phu, tp ho chi minh",0.8478260869565217,0.06521739130434782,0,0.024691358024691357,0.0,2,0,1
1,"153 tran van quang, phuong 10, quan tan binh, tp ho chi minh",0.8333333333333334,0.10416666666666667,0,0.024691358024691357,0.0,3,0,1
1,"211 ter, dien bien phu, phuong 06, quan 3, tp ho chi minh",0.7777777777777778,0.13333333333333333,0,0.024691358024691357,0.0,3,0,1
1,"203/38/34 duong truc, phuong 13, quan binh thanh, tp ho chi minh",0.7358490566037735,0.16981132075471697,0,0.037037037037037035,0.0,3,0,1
1,"133/32/15/2a binh thanh, phuong binh hung hoa b, quan binh tan, tp ho chi minh",0.78125,0.125,0,0.024691358024691357,0.0,3,0,1
1,"lau 15, toa nha vincom center, 72 le thanh ton, phuong ben nghe, quan 1, tp ho chi minh",0.855072463768116,0.07246376811594203,0,0.04938271604938271,0.0,3,1,0
1,"so 86 duong nguyen du, phuong 7, quan go vap, tp ho chi minh",0.8723404255319149,0.06382978723404255,0,0.04938271604938271,0.0,3,1,0
1,"532/21/17 kinh duong vuong, phuong binh tri dong b, quan binh tan, tp ho chi minh",0.8181818181818182,0.10606060606060606,0,0.037037037037037035,0.0,3,0,1
1,"so 25 - 16b4 duong nguyen van loc, khu do thi mo lao, phuong mo lao, quan ha dong, ha noi",0.855072463768116,0.07246376811594203,0,0.04938271604938271,0.0,3,1,0
1,"so 52, ngo 545, pho thuy khue, phuong buoi, quan tay ho, ha noi",0.8,0.1,0,0.024691358024691357,0.0,4,1,0
1,"so 205 nguyen dinh thi, phuong thuy khue, quan tay ho, ha noi",0.8775510204081632,0.061224489795918366,0,0.024691358024691357,0.0,4,1,0
1,"so 2+2a, ngach 25/8 cu loc, phuong nhan chinh, quan thanh xuan, ha noi",0.8070175438596491,0.08771929824561403,0,0.037037037037037035,0.0,3,1,0
1,"so 32, ngo 477, duong nguyen trai, phuong thanh xuan nam, quan thanh xuan, ha noi",0.8484848484848485,0.07575757575757576,0,0.037037037037037035,0.0,4,1,0
1,"so 5, ngo 54, duong au co, phuong tu lien, quan tay ho, ha noi",0.8333333333333334,0.0625,0,0.037037037037037035,0.0,3,1,0
1,"so 473 au co, phuong nhat tan, quan tay ho, ha noi",0.8461538461538461,0.07692307692307693,0,0.024691358024691357,0.0,4,1,0
1,"so 10, ngo 76 lac long quan, phuong buoi, quan tay ho, ha noi",0.8333333333333334,0.08333333333333333,0,0.024691358024691357,0.0,3,1,0
1,"so nha 44, ngach 34/56, pho vinh tuy, phuong vinh tuy, quan hai ba trung, ha noi",0.8125,0.09375,0,0.037037037037037035,0.0,3,1,0
1,"thon goc thong, xom phu huu, xa minh phu, huyen soc son, ha noi",0.92,0.0,0,0.024691358024691357,0.0,0,1,0
1,"so 42, ngo 381, pho bach mai, phuong bach mai, quan hai ba trung, ha noi",0.8245614035087719,0.08771929824561403,0,0.024691358024691357,0.0,4,1,0
1,"so 11e3, to 25 tt dai hoc thuong mai, duong ho tung mau, phuong mai dich, quan cau giay, ha noi",0.8666666666666667,0.06666666666666667,0,0.06172839506172839,0.0,3,1,0
1,"so 4, ngach 3/550 duong bach dang, phuong bach dang, quan hai ba trung, ha noi",0.8412698412698413,0.07936507936507936,0,0.04938271604938271,0.0,3,1,0
1,"47 nguyen thai hoc, phuong phu hoi, thanh pho hue, thua thien - hue",0.8888888888888888,0.037037037037037035,0,0.024691358024691357,0.0,2,0,1
1,"6/19/32 thien thai, phuong thuy xuan, thanh pho hue, thua thien - hue",0.8070175438596491,0.08771929824561403,0,0.024691358024691357,0.0,2,0,1
1,"16/101 phan boi chau, phuong phuoc vinh, thanh pho hue, thua thien - hue",0.8305084745762712,0.0847457627118644,0,0.024691358024691357,0.0,3,0,1
1,"thua dat so 67, to ban do pl9, khu tai dinh cu tha, phuong liem chinh, thanh pho phu ly, ha nam",0.8918918918918919,0.04054054054054054,0,0.06172839506172839,0.0,3,1,0
1,"so 65 le loi, khu pho 1, phuong 5, thanh pho dong ha, quang tri",0.8367346938775511,0.08163265306122448,0,0.037037037037037035,0.0,3,1,0
1,"khu pho 3, phuong 2, thi xa quang tri, quang tri",0.868421052631579,0.05263157894736842,0,0.024691358024691357,0.0,2,1,0
1,"so 5a, duong so 10, kdc xay dung, phuong hung thanh, quan cai rang, can tho",0.8666666666666667,0.05,0,0.037037037037037035,0.0,3,1,0
1,"93/4, tran hung dao, phuong an phu, quan ninh kieu, can tho",0.8333333333333334,0.0625,0,0.012345679012345678,0.0,2,0,1
1,"199, to 1, kv2, le hong phong, phuong tra an, quan binh thuy, can tho",0.8,0.09090909090909091,0,0.037037037037037035,0.0,3,0,1
1,"ap thoi hoa b, tt co do, thi tran co do, huyen co do, can tho",0.9130434782608695,0.0,0,0.04938271604938271,0.0,0,1,0
1,"ap to, xa uy no, huyen dong anh, ha noi",0.9,0.0,0,0.037037037037037035,0.0,0,1,0
1,"ap binh chien (thua dat so 422 va 415, to ban do so 65), thi tran binh dai, huyen binh dai, ben tre",0.8181818181818182,0.1038961038961039,0,0.07407407407407407,0.0,4,1,0
1,"so 811/1, ap 1, xa son dong, thanh pho ben tre, ben tre",0.7674418604651163,0.11627906976744186,0,0.037037037037037035,0.0,4,1,0
1,"so 12, hem 1/56/10 pho dai linh, phuong trung van, quan nam tu liem, ha noi",0.7833333333333333,0.11666666666666667,0,0.037037037037037035,0.0,3,1,0
1,"to 12, phuong le hong phong, thanh pho quang ngai, quang ngai",0.9,0.04,0,0.024691358024691357,0.0,3,1,0
1,"thon phuc minh, xa hanh thuan, huyen nghia hanh, quang ngai",0.9387755102040817,0.0,0,0.024691358024691357,0.0,0,1,0
1,"so 73, ap phu tri, xa phu tan, huyen chau thanh, hau giang",0.8695652173913043,0.043478260869565216,0,0.037037037037037035,0.0,3,1,0
1,"so 401, ap xang moi b, thi tran rach goi, huyen chau thanh a, hau giang",0.875,0.05357142857142857,0,0.04938271604938271,0.0,4,1,0
1,"duong dinh tien hoang, to 16, phuong nghia chanh, thanh pho quang ngai, quang ngai",0.9117647058823529,0.029411764705882353,0,0.037037037037037035,0.0,3,1,0
1,"thon tan long trung, xa ba dong, huyen ba to, quang ngai",0.9333333333333333,0.0,0,0.037037037037037035,0.0,0,1,0
1,"63/13 tran cao van, phuong 9, thanh pho vung tau, ba ria - vung tau",0.8113207547169812,0.09433962264150944,0,0.012345679012345678,0.0,2,0,1
1,"to 7, thon dong hai, xa tan hai, huyen tan thanh, ba ria - vung tau",0.8846153846153846,0.019230769230769232,0,0.037037037037037035,0.0,2,1,0
1,"to 1, duong huynh minh thanh, khu pho xom ray, thi tran phuoc buu, huyen xuyen moc, ba ria - vung tau",0.9125,0.0125,0,0.06172839506172839,0.0,2,1,0
1,"to 14, phuong tuc duyen, thanh pho thai nguyen, thai nguyen",0.8979591836734694,0.04081632653061224,0,0.024691358024691357,0.0,3,1,0
1,"an thanh, xa thuong nung, huyen vo nhai, thai nguyen",0.9302325581395349,0.0,0,0.012345679012345678,0.0,0,1,0
1,"to dan pho hop thanh, phuong thang loi, thanh pho song cong, thai nguyen",0.9491525423728814,0.0,0,0.024691358024691357,0.0,0,1,0
1,"so 100 hung vuong, phuong an my, thanh pho tam ky, quang nam",0.875,0.0625,0,0.024691358024691357,0.0,4,1,0
1,"duong thanh hoa, to 1, thon phu binh, xa tam phu, thanh pho tam ky, quang nam",0.9016393442622951,0.01639344262295082,0,0.04938271604938271,0.0,2,1,0
1,"thon trung toan, xa tam quang, huyen nui thanh, quang nam",0.9361702127659575,0.0,0,0.024691358024691357,0.0,0,1,0
1,"137b le dinh duong, phuong tan thanh, thanh pho tam ky, quang nam",0.8867924528301887,0.05660377358490566,0,0.024691358024691357,0.0,3,0,1
1,"thon thuan an, xa duy nghia, huyen duy xuyen, quang nam",0.9333333333333333,0.0,0,0.024691358024691357,0.0,0,1,0
1,"cum cong nghiep vinh hoa hung nam, ap 6, xa vinh hoa hung nam, huyen go quao, kien giang",0.9285714285714286,0.014285714285714285,0,0.024691358024691357,0.0,2,1,0
1,"lo a11.2, duong n5, kcn thanh thanh cong, xa an hoa, huyen trang bang, tay ninh",0.84375,0.0625,0,0.04938271604938271,0.0,4,1,0
1,"to dan pho 2, phuong dong son, thanh pho dong hoi, quang binh",0.9183673469387755,0.02040816326530612,0,0.024691358024691357,0.0,2,1,0
1,"so 26a, ngo 37, duong ha huy tap, phuong ha huy tap, thanh pho vinh, nghe an",0.85,0.06666666666666667,0,0.037037037037037035,0.0,3,1,0
1,"so 29, duong phan boi chau, phuong quan bau, thanh pho vinh, nghe an",0.8909090909090909,0.03636363636363636,0,0.04938271604938271,0.0,3,1,0
1,"to dan pho 6, phuong him lam, tp dien bien phu, dien bien",0.9111111111111111,0.022222222222222223,0,0.024691358024691357,0.0,2,1,0
1,"nha ong hoang manh thang, thon 2, xa ban vuoc, huyen bat xat, lao cai",0.9090909090909091,0.01818181818181818,0,0.024691358024691357,0.0,2,1,0
1,"so nha 064, duong ngo quyen, phuong kim tan, thanh pho lao cai, lao cai",0.8771929824561403,0.05263157894736842,0,0.037037037037037035,0.0,4,1,0
1,"ru moi, phuong quynh thien, thi xa hoang mai, nghe an",0.9302325581395349,0.0,0,0.012345679012345678,0.0,0,1,0
1,"tai nha ong tran xuan hao, to dan pho lien phu, phuong ky lien, thi xa ky anh, ha tinh",0.9402985074626866,0.0,0,0.024691358024691357,0.0,0,1,0
1,"tai nha ong nguyen tung ninh, to dan pho hoanh nam, phuong ky lien, thi xa ky anh, ha tinh",0.9436619718309859,0.0,0,0.024691358024691357,0.0,0,1,0
1,"so nha 57, ngo 167 tay son, phuong quang trung, quan dong da, ha noi",0.8333333333333334,0.09259259259259259,0,0.024691358024691357,0.0,4,1,0
1,"so 26, ngo 189 hoang hoa tham, phuong lieu giai, quan ba dinh, ha noi",0.8363636363636363,0.09090909090909091,0,0.024691358024691357,0.0,4,1,0
1,"so 4, hem 85/28 ngo trung ta, pho kham thien, phuong tho quan, quan dong da, ha noi",0.8333333333333334,0.07575757575757576,0,0.037037037037037035,0.0,3,1,0
1,"so 63 pho vu ngoc phan, phuong lang ha, quan dong da, ha noi",0.8936170212765957,0.0425531914893617,0,0.024691358024691357,0.0,3,1,0
1,"so 5, khoi bach dang, phuong van phuc, quan ha dong, ha noi",0.8936170212765957,0.02127659574468085,0,0.037037037037037035,0.0,2,1,0
1,"43/5b dong lan, xa ba diem, huyen hoc mon, tp ho chi minh",0.8444444444444444,0.06666666666666667,0,0.024691358024691357,0.0,2,0,1
1,"45 duong so 12, kp 1, phuong cat lai, quan 2, tp ho chi minh",0.782608695652174,0.13043478260869565,0,0.04938271604938271,0.0,3,0,1
1,"so nha 23b, ngo 40/30, pho ta quang buu, phuong bach khoa, quan hai ba trung, ha noi",0.8208955223880597,0.08955223880597014,0,0.024691358024691357,0.0,3,1,0
1,"tang 02, so nha 02, ngo 325 kim nguu, to 24d, phuong thanh luong, quan hai ba trung, ha noi",0.7916666666666666,0.125,0,0.04938271604938271,0.0,4,1,0
1,"so nha 54a pho vu trong phung, phuong thanh xuan trung, quan thanh xuan, ha noi",0.921875,0.03125,0,0.024691358024691357,0.0,3,1,0
1,"so 39c, ngo 29 duong khuong ha, phuong khuong dinh, quan thanh xuan, ha noi",0.8688524590163934,0.06557377049180328,0,0.037037037037037035,0.0,3,1,0
1,"so 15, ngo 463 doi can, phuong vinh phuc, quan ba dinh, ha noi",0.8163265306122449,0.10204081632653061,0,0.024691358024691357,0.0,4,1,0
1,"so 6, ngach 32/2, phuong ngoc khanh, quan ba dinh, ha noi",0.8043478260869565,0.08695652173913043,0,0.037037037037037035,0.0,3,1,0
1,"so 4, ngo 46 van cao, phuong lieu giai, quan ba dinh, ha noi",0.851063829787234,0.06382978723404255,0,0.024691358024691357,0.0,3,1,0
1,"so 92, to 6b (to moi 1c) duong tran khat chan, phuong thanh luong, quan hai ba trung, ha noi",0.863013698630137,0.0547945205479452,0,0.04938271604938271,0.0,3,1,0
1,"nha so 9, ngo 103/8, to 4a, duong dinh cong thuong, phuong dinh cong, quan hoang mai, ha noi",0.8243243243243243,0.08108108108108109,0,0.04938271604938271,0.0,4,1,0
1,"so 4, ngo 2/35, duong hoang liet, phuong hoang liet, quan hoang mai, ha noi",0.8360655737704918,0.06557377049180328,0,0.037037037037037035,0.0,2,1,0
1,"so 2 pho cua bac, phuong truc bach, quan ba dinh, ha noi",0.9090909090909091,0.022727272727272728,0,0.024691358024691357,0.0,2,1,0
1,"so 18 ngach 15 ngo 444 duong doi can, phuong cong vi, quan ba dinh, ha noi",0.8275862068965517,0.1206896551724138,0,0.04938271604938271,0.0,4,1,0
1,"so 34b, ngach 7, ngo 379, pho doi can, phuong cong vi, quan ba dinh, ha noi",0.7966101694915254,0.1016949152542373,0,0.037037037037037035,0.0,4,1,0
1,"b2 - tt17, do thi van quan-yen phuc, phuong phuc la, quan ha dong, ha noi",0.8448275862068966,0.05172413793103448,0,0.024691358024691357,0.0,2,1,0
1,"nv 02-11, so 173 duong xuan thuy, phuong dich vong hau, quan cau giay, ha noi",0.8064516129032258,0.11290322580645161,0,0.037037037037037035,0.0,4,1,0
1,"so 3, to 3, khu 3 hecta tttm, thi tran dong anh, huyen dong anh, ha noi",0.8545454545454545,0.05454545454545454,0,0.06172839506172839,0.0,2,1,0
1,"so 66b, to 24, ngo 509 pho vu tong phan, phuong khuong dinh, quan thanh xuan, ha noi",0.8208955223880597,0.1044776119402985,0,0.037037037037037035,0.0,4,1,0
1,"so nha 38, ngach 74, ngo 143, duong nguyen duc canh, phuong thinh liet, quan hoang mai, ha noi",0.8289473684210527,0.09210526315789473,0,0.04938271604938271,0.0,4,1,0
1,"so 611, duong linh nam, phuong linh nam, quan hoang mai, ha noi",0.8627450980392157,0.058823529411764705,0,0.037037037037037035,0.0,4,1,0
1,"to dan pho 8, phuong yen nghia, quan ha dong, ha noi",0.9024390243902439,0.024390243902439025,0,0.024691358024691357,0.0,2,1,0
1,"so nha e8, to dan pho 9, phuong van phuc, quan ha dong, ha noi",0.875,0.041666666666666664,0,0.037037037037037035,0.0,2,1,0
1,"so 223, kp 1, phuong trang dai, thanh pho bien hoa, dong nai",0.8333333333333334,0.08333333333333333,0,0.037037037037037035,0.0,4,1,0
1,"so 3/2, ap dong nai, xa hoa an, thanh pho bien hoa, dong nai",0.851063829787234,0.0425531914893617,0,0.037037037037037035,0.0,2,1,0
1,"so 97, duong n9, kp 7, phuong thong nhat, thanh pho bien hoa, dong nai",0.8392857142857143,0.07142857142857142,0,0.04938271604938271,0.0,3,1,0
1,"so 1228/e, ap phu tan, xa phu cuong, huyen dinh quan, dong nai",0.82,0.08,0,0.04938271604938271,0.0,5,1,0
1,"so 260, to 8, kp 2, phuong long binh tan, thanh pho bien hoa, dong nai",0.8181818181818182,0.09090909090909091,0,0.04938271604938271,0.0,4,1,0
1,"so 1273/49/9/37, ap huong phuoc, xa phuoc tan, thanh pho bien hoa, dong nai",0.7419354838709677,0.14516129032258066,0,0.037037037037037035,0.0,5,1,0
1,"c7, khu nha o hoa an, duong nguyen ai quoc, xa hoa an, thanh pho bien hoa, dong nai",0.9076923076923077,0.015384615384615385,0,0.037037037037037035,0.0,1,1,0
1,"so 57, duong le thanh tong, to 23, khu phuoc hai, thi tran long thanh, huyen long thanh, dong nai",0.8717948717948718,0.05128205128205128,0,0.07407407407407407,0.0,3,1,0
1,"so 17, to 28, ap 3, xa hiep phuoc, huyen nhon trach, dong nai",0.7916666666666666,0.10416666666666667,0,0.04938271604938271,0.0,3,1,0
1,"so 1tang 15 cao oc sonadezi, so 1, duong so 1, kcn bien hoa, phuong an binh, thanh pho bien hoa, dong nai",0.8674698795180723,0.060240963855421686,0,0.04938271604938271,0.0,3,1,0
1,"so b4, khu dan cu tan phong, kp 7, phuong tan phong, thanh pho bien hoa, dong nai",0.890625,0.03125,0,0.04938271604938271,0.0,2,1,0
1,"so 53, to 13, duong vo thi sau, khu 12, xa long duc, huyen long thanh, dong nai",0.8064516129032258,0.0967741935483871,0,0.06172839506172839,0.0,3,1,0
1,"to 9, ap long phu, xa phuoc thai, huyen long thanh, dong nai",0.8958333333333334,0.020833333333333332,0,0.037037037037037035,0.0,2,1,0
1,"so 59/4, ap thanh hoa, xa ho nai 3, huyen trang bom, dong nai",0.8125,0.08333333333333333,0,0.037037037037037035,0.0,3,1,0
1,"so 142/13a, kp 6, phuong tan tien, thanh pho bien hoa, dong nai",0.7843137254901961,0.11764705882352941,0,0.037037037037037035,0.0,4,1,0
1,"so 235/71, duong duong tu giang, kp 2, phuong tan tien, thanh pho bien hoa, dong nai",0.8235294117647058,0.08823529411764706,0,0.04938271604938271,0.0,4,1,0
1,"ap 3, xa binh loi, huyen vinh cuu, dong nai",0.8823529411764706,0.029411764705882353,0,0.024691358024691357,0.0,2,1,0
1,"sn 11 nguyen tuan, phuong dong tho, thanh pho thanh hoa, thanh hoa",0.9074074074074074,0.037037037037037035,0,0.012345679012345678,0.0,3,1,0
1,"sn 123, tieu khu vinh son, thi tran hoang hoa, huyen hoang hoa, thanh hoa",0.8813559322033898,0.05084745762711865,0,0.037037037037037035,0.0,4,1,0
1,"so 04, ngo 29, duong luong chi, khu 6, thi tran tinh gia, huyen tinh gia, thanh hoa",0.8333333333333334,0.07575757575757576,0,0.06172839506172839,0.0,3,1,0
1,"so 09 hac thanh, phuong dien bien, thanh pho thanh hoa, thanh hoa",0.9056603773584906,0.03773584905660377,0,0.024691358024691357,0.0,3,1,0
1,"khu 2, thi tran sao vang, huyen tho xuan, thanh hoa",0.9024390243902439,0.024390243902439025,0,0.037037037037037035,0.0,2,1,0
1,"so 99, ngo 18, pho dinh cong thuong, phuong dinh cong, quan hoang mai, ha noi",0.8548387096774194,0.06451612903225806,0,0.024691358024691357,0.0,3,1,0
1,"lo 3 c7a, khu do thi moi dinh cong, phuong dinh cong, quan hoang mai, ha noi",0.9,0.03333333333333333,0,0.037037037037037035,0.0,2,1,0
1,"so 33, to 36, phuong hoang van thu, quan hoang mai, ha noi",0.8260869565217391,0.08695652173913043,0,0.037037037037037035,0.0,3,1,0
1,"so 17a, ngach 108, ngo 553, duong giai phong, phuong giap bat, quan hoang mai, ha noi",0.7971014492753623,0.11594202898550725,0,0.04938271604938271,0.0,4,1,0
1,"so 206, ngo 54, duong ngoc hoi, phuong hoang liet, quan hoang mai, ha noi",0.8305084745762712,0.0847457627118644,0,0.037037037037037035,0.0,4,1,0
1,"c21, lo 18, khu do thi dinh cong, phuong dinh cong, quan hoang mai, ha noi",0.847457627118644,0.06779661016949153,0,0.037037037037037035,0.0,3,1,0
1,"35 dai co viet, phuong le dai hanh, quan hai ba trung, ha noi",0.8958333333333334,0.041666666666666664,0,0.012345679012345678,0.0,2,0,1
1,"toa nha intracom - lo c2f - cum sx ttcn&cnn cau giay, phuong dich vong hau, quan cau giay, ha noi",0.9090909090909091,0.012987012987012988,0,0.037037037037037035,0.0,1,1,0
1,"thon dong khe, xa dan phuong, huyen dan phuong, ha noi",0.9318181818181818,0.0,0,0.024691358024691357,0.0,0,1,0
1,"so 164 ngo 58 to dan pho 9 mau luong, phuong kien hung, quan ha dong, ha noi",0.847457627118644,0.1016949152542373,0,0.037037037037037035,0.0,4,1,0
1,"so dg 04/14 tttm thi tran van dinh, thi tran van dinh, huyen ung hoa, ha noi",0.8666666666666667,0.06666666666666667,0,0.037037037037037035,0.0,3,1,0
1,"thon 9, xa phung xa, huyen thach that, ha noi",0.8888888888888888,0.027777777777777776,0,0.024691358024691357,0.0,2,1,0
1,"thon quang minh, xa my hung, huyen thanh oai, ha noi",0.9285714285714286,0.0,0,0.024691358024691357,0.0,0,1,0
1,"to dan pho so 3, phuong tay mo, quan nam tu liem, ha noi",0.9069767441860465,0.023255813953488372,0,0.037037037037037035,0.0,2,1,0
1,"so 1, ngo 120 dinh cong, phuong phuong liet, quan thanh xuan, ha noi",0.8545454545454545,0.07272727272727272,0,0.024691358024691357,0.0,4,1,0
1,"so 31, ngach 291/44 pho khuong trung, phuong khuong trung, quan thanh xuan, ha noi",0.8235294117647058,0.10294117647058823,0,0.037037037037037035,0.0,4,1,0
1,"so 34 lk5 tong cuc 5 bca, xa tan trieu, huyen thanh tri, ha noi",0.8571428571428571,0.08163265306122448,0,0.024691358024691357,0.0,3,1,0
1,"tang 4 toa nha anh minh, 36 hoang cau, phuong o cho dua, quan dong da, ha noi",0.8833333333333333,0.05,0,0.037037037037037035,0.0,3,1,0
1,"so 178-180 duong nguyen tuan, phuong nhan chinh, quan thanh xuan, ha noi",0.8333333333333334,0.1,0,0.037037037037037035,0.0,4,1,0
1,"so 17, 71/14/3 hoang van thai, phuong khuong trung, quan thanh xuan, ha noi",0.7903225806451613,0.11290322580645161,0,0.024691358024691357,0.0,3,1,0
1,"tang 8, toa nha licogi13 duong khuat duy tien, phuong nhan chinh, quan thanh xuan, ha noi",0.9041095890410958,0.0410958904109589,0,0.04938271604938271,0.0,2,1,0
1,"thon viet long, xa tan linh, huyen ba vi, ha noi",0.9210526315789473,0.0,0,0.024691358024691357,0.0,0,1,0
1,"thon trung, xa lien trung, huyen dan phuong, ha noi",0.9285714285714286,0.0,0,0.024691358024691357,0.0,0,1,0
1,"duong 93, xa phu dong, huyen ba vi, ha noi",0.8484848484848485,0.06060606060606061,0,0.024691358024691357,0.0,3,1,0
1,"so 164, to dan pho 3, phuong duc thang, quan bac tu liem, ha noi",0.84,0.08,0,0.037037037037037035,0.0,4,1,0
1,"so nha 5b, duong co nhue, phuong co nhue 2, quan bac tu liem, ha noi",0.8867924528301887,0.03773584905660377,0,0.037037037037037035,0.0,2,1,0
1,"khu 15, xa van khe, huyen me linh, ha noi",0.84375,0.0625,0,0.024691358024691357,0.0,3,1,0
1,"so 230 khu dich vu xa la, phuong phuc la, quan ha dong, ha noi",0.875,0.0625,0,0.037037037037037035,0.0,4,1,0
1,"so 106 pho van la, phuong phu la, quan ha dong, ha noi",0.8571428571428571,0.07142857142857142,0,0.024691358024691357,0.0,4,1,0
1,"lk8, cong ty co phan thuong mai song cong, to dan pho ha tri, phuong ha cau, quan ha dong, ha noi",0.9210526315789473,0.013157894736842105,0,0.024691358024691357,0.0,1,1,0
1,"nha a 10 hoang cau, to 101, phuong o cho dua, quan dong da, ha noi",0.8235294117647058,0.09803921568627451,0,0.024691358024691357,0.0,4,1,0
1,"thon phu duc, xa phu dong, huyen gia lam, ha noi",0.9210526315789473,0.0,0,0.024691358024691357,0.0,0,1,0
1,"169 doan ke thien, phuong mai dich, quan cau giay, ha noi",0.8695652173913043,0.06521739130434782,0,0.012345679012345678,0.0,3,0,1
1,"so nha 130, pho hoang sam, to 35, phuong nghia do, quan cau giay, ha noi",0.8245614035087719,0.08771929824561403,0,0.037037037037037035,0.0,4,1,0
1,"b103-bt1c khu do thi me tri, phuong me tri, quan nam tu liem, ha noi",0.8518518518518519,0.07407407407407407,0,0.024691358024691357,0.0,3,1,0
1,"tang 9, toa nha machinco, so 444, duong hoang hoa tham, phuong thuy khue, quan tay ho, ha noi",0.8666666666666667,0.05333333333333334,0,0.06172839506172839,0.0,4,1,0
1,"khu 2, xa doan tung, huyen thanh mien, hai duong",0.8974358974358975,0.02564102564102564,0,0.037037037037037035,0.0,2,1,0
1,"so 36, duong vuong chieu, phuong binh han, thanh pho hai duong, hai duong",0.9,0.03333333333333333,0,0.037037037037037035,0.0,3,1,0
1,"204 quang trung, phuong thach thang, quan hai chau, da nang",0.8775510204081632,0.061224489795918366,0,0.012345679012345678,0.0,3,0,1
1,"19 an hai 19, phuong an hai bac, quan son tra, da nang",0.8333333333333334,0.09523809523809523,0,0.012345679012345678,0.0,3,0,1
1,"51 to huu, phuong hoa cuong nam, quan hai chau, da nang",0.8863636363636364,0.045454545454545456,0,0.024691358024691357,0.0,2,0,1
1,"480 trung nu vuong, phuong hoa thuan tay, quan hai chau, da nang",0.8846153846153846,0.057692307692307696,0,0.012345679012345678,0.0,3,0,1
1,"35 nguyen thi dinh, phuong an hai bac, quan son tra, da nang",0.8958333333333334,0.041666666666666664,0,0.012345679012345678,0.0,2,0,1
1,"k196/26 tran cao van, phuong tam thuan, quan thanh khe, da nang",0.8269230769230769,0.09615384615384616,0,0.012345679012345678,0.0,3,1,0
1,"20 duong me hien, phuong thanh khe tay, quan thanh khe, da nang",0.9019607843137255,0.0392156862745098,0,0.024691358024691357,0.0,2,0,1
1,"51 chuong duong, to 11, phuong my an, quan ngu hanh son, da nang",0.8431372549019608,0.0784313725490196,0,0.037037037037037035,0.0,3,0,1
1,"lo 28 dang xuan thieu, phuong hoa hai, quan ngu hanh son, da nang",0.9038461538461539,0.038461538461538464,0,0.024691358024691357,0.0,3,1,0
1,"46 nguyen chi dieu, phuong an hai bac, quan son tra, da nang",0.8958333333333334,0.041666666666666664,0,0.012345679012345678,0.0,2,0,1
1,"h100/66 kiet 151 au co, phuong hoa khanh bac, quan lien chieu, da nang",0.7894736842105263,0.14035087719298245,0,0.012345679012345678,0.0,4,1,0
1,"lo e10, duong 10.5m, khu do thi tmdv royal era 1, phuong my an, quan ngu hanh son, da nang",0.8309859154929577,0.08450704225352113,0,0.04938271604938271,0.0,5,1,0
1,"397 nguyen tat thanh, phuong thanh binh, quan hai chau, da nang",0.8846153846153846,0.057692307692307696,0,0.012345679012345678,0.0,3,0,1
1,"lo 48 b1.23 kdc nam cau nguyen tri phuong, phuong hoa xuan, quan cam le, da nang",0.859375,0.078125,0,0.037037037037037035,0.0,4,1,0
1,"29 nai nghia 3, phuong nai hien dong, quan son tra, da nang",0.8723404255319149,0.06382978723404255,0,0.012345679012345678,0.0,2,0,1
1,"253/19 nguyen hoang, phuong binh hien, quan hai chau, da nang",0.8235294117647058,0.09803921568627451,0,0.012345679012345678,0.0,3,0,1
1,"280 nguyen duy trinh, phuong hoa hai, quan ngu hanh son, da nang",0.8846153846153846,0.057692307692307696,0,0.012345679012345678,0.0,3,0,1
1,"253/19 nguyen hoang, phuong binh hien, quan hai chau, da nang",0.8235294117647058,0.09803921568627451,0,0.012345679012345678,0.0,3,0,1
1,"k548/47 ong ich khiem, phuong vinh trung, quan thanh khe, da nang",0.8333333333333334,0.09259259259259259,0,0.012345679012345678,0.0,3,1,0
1,"353/42 cach mang thang tam, phuong hoa tho dong, quan cam le, da nang",0.8392857142857143,0.08928571428571429,0,0.012345679012345678,0.0,3,0,1
1,"lo 07-08 b2.1 duong vo nguyen giap, phuong man thai, quan son tra, da nang",0.8166666666666667,0.1,0,0.037037037037037035,0.0,3,1,0
1,"07 xo viet nghe tinh, phuong hoa cuong nam, quan hai chau, da nang",0.9056603773584906,0.03773584905660377,0,0.012345679012345678,0.0,2,0,1
1,"so 34 pho hue, phuong hang bai, quan hoan kiem, ha noi",0.8837209302325582,0.046511627906976744,0,0.024691358024691357,0.0,3,1,0
1,"to 4, khu 4, phuong bai chay, thanh pho ha long, quang ninh",0.8723404255319149,0.0425531914893617,0,0.037037037037037035,0.0,2,1,0
1,"to 1, khu 8a, phuong quang hanh, thanh pho cam pha, quang ninh",0.88,0.04,0,0.037037037037037035,0.0,2,1,0
1,"khu 3, thi tran co to, huyen co to, quang ninh",0.8888888888888888,0.027777777777777776,0,0.04938271604938271,0.0,2,1,0
1,"413 le quang dinh, phuong 5, quan binh thanh, tp ho chi minh",0.8541666666666666,0.08333333333333333,0,0.024691358024691357,0.0,3,0,1
1,"143/49 lien khu 5-6, phuong binh hung hoa b, quan binh tan, tp ho chi minh",0.7966101694915254,0.11864406779661017,0,0.037037037037037035,0.0,3,0,1
1,"27-29-31 duong so 9a, khu dan cu trung son, xa binh hung, huyen binh chanh, tp ho chi minh",0.8194444444444444,0.09722222222222222,0,0.04938271604938271,0.0,2,0,1
1,"74 binh chieu, khu pho 3, phuong binh chieu, quan thu duc, tp ho chi minh",0.8793103448275862,0.05172413793103448,0,0.037037037037037035,0.0,2,0,1
1,"lau 7, toa nha hpl, so 60 duong nguyen van thu, phuong da kao, quan 1, tp ho chi minh",0.8636363636363636,0.06060606060606061,0,0.07407407407407407,0.0,3,1,0
1,"447/14 tan son, phuong 12, quan go vap, tp ho chi minh",0.7441860465116279,0.16279069767441862,0,0.024691358024691357,0.0,3,0,1
1,"tang 1, toa nha packsimex, so 52 dong du, phuong ben nghe, quan 1, tp ho chi minh",0.859375,0.0625,0,0.06172839506172839,0.0,3,1,0
1,"413/25 le van quoi, khu pho 5, phuong binh tri dong a, quan binh tan, tp ho chi minh",0.8333333333333334,0.09090909090909091,0,0.037037037037037035,0.0,3,0,1
1,"81/3 duong do doc long, phuong tan quy, quan tan phu, tp ho chi minh",0.8703703703703703,0.05555555555555555,0,0.037037037037037035,0.0,2,0,1
1,"12 tan son hoa, phuong 2, quan tan binh, tp ho chi minh",0.8604651162790697,0.06976744186046512,0,0.024691358024691357,0.0,2,0,1
1,"137/3-137/5 nguyen cuu dam, phuong tan son nhi, quan tan phu, tp ho chi minh",0.7741935483870968,0.12903225806451613,0,0.024691358024691357,0.0,3,0,1
1,"13/6 ap 3, xa tan quy tay, huyen binh chanh, tp ho chi minh",0.8260869565217391,0.08695652173913043,0,0.037037037037037035,0.0,2,0,1
1,"30/5e ap dong, xa thoi tam thon, huyen hoc mon, tp ho chi minh",0.8571428571428571,0.061224489795918366,0,0.04938271604938271,0.0,2,0,1
1,"phong 411, tang 4, toa nha vietnam airlines, so 49, duong tr, phuong 2, quan tan binh, tp ho chi minh",0.8271604938271605,0.08641975308641975,0,0.07407407407407407,0.0,4,1,0
1,"541 le duc tho, phuong 16, quan go vap, tp ho chi minh",0.8095238095238095,0.11904761904761904,0,0.024691358024691357,0.0,3,0,1
1,"126 nguyen thi dinh, phuong binh trung tay, quan 2, tp ho chi minh",0.8679245283018868,0.07547169811320754,0,0.024691358024691357,0.0,3,0,1
1,"so 69 duong so 28, khu pho 3, phuong binh tri dong b, quan binh tan, tp ho chi minh",0.859375,0.078125,0,0.04938271604938271,0.0,3,1,0
1,"399/25 binh an, xa binh khanh, huyen can gio, tp ho chi minh",0.8125,0.10416666666666667,0,0.024691358024691357,0.0,3,0,1
1,"so 80/5 duong mac dinh chi, phuong da kao, quan 1, tp ho chi minh",0.8431372549019608,0.0784313725490196,0,0.04938271604938271,0.0,3,1,0
1,"753 nguyen kiem, phuong 3, quan go vap, tp ho chi minh",0.8372093023255814,0.09302325581395349,0,0.024691358024691357,0.0,3,0,1
1,"24/33c duong so 42, phuong hiep binh chanh, quan thu duc, tp ho chi minh",0.8275862068965517,0.10344827586206896,0,0.037037037037037035,0.0,3,0,1
1,"97/8/30 thong nhat, phuong 10, quan go vap, tp ho chi minh",0.7446808510638298,0.14893617021276595,0,0.024691358024691357,0.0,3,0,1
1,"120/12b ton that hiep, phuong 13, quan 11, tp ho chi minh",0.717391304347826,0.1956521739130435,0,0.024691358024691357,0.0,3,0,1
1,"155/18 duong dat thanh, phuong 6, quan tan binh, tp ho chi minh",0.803921568627451,0.11764705882352941,0,0.037037037037037035,0.0,3,0,1
1,"1/126a nguyen van qua, phuong tan hung thuan, quan 12, tp ho chi minh",0.8214285714285714,0.10714285714285714,0,0.024691358024691357,0.0,3,0,1
1,"159/5 xom chieu, phuong 16, quan 4, tp ho chi minh",0.725,0.175,0,0.024691358024691357,0.0,3,0,1
1,"80/11/8 duong tx52, phuong thanh xuan, quan 12, tp ho chi minh",0.7254901960784313,0.17647058823529413,0,0.04938271604938271,0.0,3,0,1
1,"248/36/22 hoang hoa tham, phuong 5, quan binh thanh, tp ho chi minh",0.7636363636363637,0.14545454545454545,0,0.024691358024691357,0.0,3,0,1
1,"35 le lai, phuong 12, quan tan binh, tp ho chi minh",0.825,0.1,0,0.024691358024691357,0.0,3,0,1
1,"147 duong so 22, phuong 11, quan 6, tp ho chi minh",0.717948717948718,0.20512820512820512,0,0.037037037037037035,0.0,3,0,1
1,"83/25 to 7, khu pho 4, phuong phuoc long b, quan 9, tp ho chi minh",0.7647058823529411,0.13725490196078433,0,0.04938271604938271,0.0,2,0,1
1,"24 hoang hoa tham, phuong 7, quan binh thanh, tp ho chi minh",0.875,0.0625,0,0.024691358024691357,0.0,2,0,1
1,"31duong 267b ba to, phuong 7, quan 8, tp ho chi minh",0.7560975609756098,0.17073170731707318,0,0.04938271604938271,0.0,4,0,1
1,"1f duong 18c, phuong binh hung hoa a, quan binh tan, tp ho chi minh",0.8867924528301887,0.05660377358490566,0,0.037037037037037035,0.0,3,0,1
1,"37 duong so 42, phuong binh trung tay, quan 2, tp ho chi minh",0.8333333333333334,0.10416666666666667,0,0.037037037037037035,0.0,3,0,1
1,"116/37 dat moi, khu pho 17, phuong binh tri dong, quan binh tan, tp ho chi minh",0.8095238095238095,0.1111111111111111,0,0.037037037037037035,0.0,3,0,1
1,"so 44 duong so 14, khu nha o hiep binh, khu pho 4, phuong hiep binh phuoc, quan thu duc, tp ho chi minh",0.875,0.0625,0,0.06172839506172839,0.0,3,1,0
1,"so 61/1e duong tl28, khu pho 3c, phuong thanh loc, quan 12, tp ho chi minh",0.7796610169491526,0.13559322033898305,0,0.06172839506172839,0.0,3,1,0
1,"18 hiep binh, khu pho 6, phuong hiep binh phuoc, quan thu duc, tp ho chi minh",0.8852459016393442,0.04918032786885246,0,0.037037037037037035,0.0,2,0,1
1,"377 no trang long, phuong 13, quan binh thanh, tp ho chi minh",0.8367346938775511,0.10204081632653061,0,0.024691358024691357,0.0,3,0,1
1,"so 9c, duong an duong vuong, phuong 16, quan 8, tp ho chi minh",0.8367346938775511,0.08163265306122448,0,0.04938271604938271,0.0,3,1,0
1,"25/4 le duy nhuan, phuong 12, quan tan binh, tp ho chi minh",0.8085106382978723,0.10638297872340426,0,0.024691358024691357,0.0,3,0,1
1,"51/4 tran van dang, phuong 5, quan 11, tp ho chi minh",0.7619047619047619,0.14285714285714285,0,0.024691358024691357,0.0,3,0,1
1,"119/1 duong 12, phuong tam binh, quan thu duc, tp ho chi minh",0.7959183673469388,0.12244897959183673,0,0.037037037037037035,0.0,3,0,1
1,"1.05 lo h chung cu dong dieu, duong cao lo, phuong 4, quan 8, tp ho chi minh",0.8305084745762712,0.0847457627118644,0,0.04938271604938271,0.0,4,0,1
1,"55 duong 16 khu pho 4, phuong an phu, quan 2, tp ho chi minh",0.8043478260869565,0.13043478260869565,0,0.04938271604938271,0.0,3,0,1
1,"b15/22b quoc lo 50, ap 3, xa binh hung, huyen binh chanh, tp ho chi minh",0.7894736842105263,0.12280701754385964,0,0.04938271604938271,0.0,3,1,0
1,"158 dien bien phu, phuong 06, quan 3, tp ho chi minh",0.7804878048780488,0.14634146341463414,0,0.024691358024691357,0.0,3,0,1
1,"20/61a, to 10, duong song hanh xa lo ha noi, khu pho 6, phuong linh trung, quan thu duc, tp ho chi minh",0.8271604938271605,0.08641975308641975,0,0.07407407407407407,0.0,3,0,1
1,"nha so 36, duong so 2, khu nha o hiep binh, khu pho 6, phuong hiep binh phuoc, quan thu duc, tp ho chi minh",0.8795180722891566,0.04819277108433735,0,0.06172839506172839,0.0,3,1,0
1,"157/38/23 mai xuan thuong, phuong 04, quan 6, tp ho chi minh",0.6938775510204082,0.20408163265306123,0,0.024691358024691357,0.0,3,0,1
1,"119a tran van du, phuong 13, quan tan binh, tp ho chi minh",0.8260869565217391,0.10869565217391304,0,0.024691358024691357,0.0,3,0,1
1,"10b suong nguyet anh, phuong ben thanh, quan 1, tp ho chi minh",0.88,0.06,0,0.024691358024691357,0.0,2,0,1
1,"259 phan xich long, phuong 07, quan phu nhuan, tp ho chi minh",0.8367346938775511,0.10204081632653061,0,0.024691358024691357,0.0,3,0,1
1,"49a duong 85, phuong tan quy, quan 7, tp ho chi minh",0.8048780487804879,0.12195121951219512,0,0.037037037037037035,0.0,3,0,1
1,"9/5b duong 128, khu pho 4, phuong phuoc long a, quan 9, tp ho chi minh",0.7818181818181819,0.12727272727272726,0,0.04938271604938271,0.0,4,0,1
1,"so 2, duong ngo duc ke, phuong ben nghe, quan 1, tp ho chi minh",0.8775510204081632,0.04081632653061224,0,0.04938271604938271,0.0,2,1,0
1,"54 vu huy tan, phuong 3, quan binh thanh, tp ho chi minh",0.8636363636363636,0.06818181818181818,0,0.024691358024691357,0.0,2,0,1
1,"3/11 do son, phuong 4, quan tan binh, tp ho chi minh",0.8048780487804879,0.0975609756097561,0,0.024691358024691357,0.0,2,0,1
1,"26/12a nguyen binh khiem, phuong da kao, quan 1, tp ho chi minh",0.8235294117647058,0.09803921568627451,0,0.024691358024691357,0.0,2,0,1
1,"247/92 duong lac long quan, phuong 3, quan 11, tp ho chi minh",0.7551020408163265,0.16326530612244897,0,0.037037037037037035,0.0,3,0,1
1,"92 tran quang dieu, phuong 14, quan 3, tp ho chi minh",0.8095238095238095,0.11904761904761904,0,0.024691358024691357,0.0,3,0,1
1,"45/40 han hai nguyen, phuong 16, quan 11, tp ho chi minh",0.7333333333333333,0.17777777777777778,0,0.024691358024691357,0.0,3,0,1
1,"lo f3, kcn thang long ii, huyen yen my, hung yen",0.8947368421052632,0.02631578947368421,0,0.037037037037037035,0.0,1,1,0
1,"quang truong, phuong hien nam, thanh pho hung yen, hung yen",0.9387755102040817,0.0,0,0.012345679012345678,0.0,0,1,0
1,"thon tu ho, xa yen phu, huyen yen my, hung yen",0.9166666666666666,0.0,0,0.024691358024691357,0.0,0,1,0
1,"thon le chi, xa thuy loi, huyen tien lu, hung yen",0.9230769230769231,0.0,0,0.024691358024691357,0.0,0,1,0
1,"doc cau dau, thon xanh ty, xa lac dao, huyen van lam, hung yen",0.9183673469387755,0.0,0,0.024691358024691357,0.0,0,1,0
1,"so 243, to 1, ap 2, xa hoi nghia, thi xa tan uyen, binh duong",0.7872340425531915,0.10638297872340426,0,0.06172839506172839,0.0,4,1,0
1,"so c42, duong d16, khu dan cu viet sing, phuong an phu, tx thuan an, binh duong",0.8571428571428571,0.06349206349206349,0,0.04938271604938271,0.0,2,1,0
1,"so 42/41, huynh van luy, khu pho 8, phuong phu my, thanh pho thu dau mot, binh duong",0.835820895522388,0.07462686567164178,0,0.04938271604938271,0.0,3,1,0
1,"so 2/4, khu pho binh quoi b, phuong binh chuan, tx thuan an, binh duong",0.8771929824561403,0.03508771929824561,0,0.04938271604938271,0.0,2,1,0
1,"so e04, duong huynh thuc khang, khu pho 3, phuong hoa phu, thanh pho thu dau mot, binh duong",0.8918918918918919,0.04054054054054054,0,0.04938271604938271,0.0,2,1,0
1,"so 189/8, duong le hong phong, khu pho tan phuoc, phuong tan binh, tx di an, binh duong",0.8571428571428571,0.05714285714285714,0,0.04938271604938271,0.0,4,1,0
1,"so 20b, dai lo binh duong, to 10, khu pho dong nhi, phuong lai thieu, tx thuan an, binh duong",0.8648648648648649,0.05405405405405406,0,0.07407407407407407,0.0,3,1,0
1,"so 24, duong thich quang duc, khu 01, phuong phu hoa, thanh pho thu dau mot, binh duong",0.8714285714285714,0.05714285714285714,0,0.04938271604938271,0.0,3,1,0
1,"so 6/1, khu pho hoa long, phuong lai thieu, tx thuan an, binh duong",0.8703703703703703,0.037037037037037035,0,0.04938271604938271,0.0,2,1,0
1,"so 79, to 1, ap 4, xa hoi nghia, thi xa tan uyen, binh duong",0.8043478260869565,0.08695652173913043,0,0.06172839506172839,0.0,3,1,0
1,"ap hau hoa, xa hau thanh, huyen cai be, tien giang",0.925,0.0,0,0.024691358024691357,0.0,0,1,0
1,"so 128/6 thai van dau, phuong 2, thanh pho my tho, tien giang",0.8163265306122449,0.10204081632653061,0,0.024691358024691357,0.0,4,1,0
1,"0503, khoi nha a2c - nha o xa hoi becamex, n12, khu pho 01, phuong phu hoa, thanh pho thu dau mot, binh duong",0.813953488372093,0.10465116279069768,0,0.04938271604938271,0.0,4,0,1
1,"thon 8, xa pong drang, huyen krong buk, dac lac",0.8947368421052632,0.02631578947368421,0,0.024691358024691357,0.0,2,1,0
1,"so nha 16 duong le cong kieu, phuong thanh nhat, tp.buon ma thuot, dac lac",0.9,0.03333333333333333,0,0.037037037037037035,0.0,3,1,0
1,"so 32 to 2, ap phu thanh c, xa phu kiet, huyen cho gao, tien giang",0.8627450980392157,0.058823529411764705,0,0.04938271604938271,0.0,3,1,0
1,"so 32, pho 11, phuong dong thanh, thanh pho ninh binh, ninh binh",0.8461538461538461,0.07692307692307693,0,0.024691358024691357,0.0,3,1,0
1,"thua dat 1 + 5, to so 5, ban do dia chinh xa gia thuy, xa gia thuy, huyen nho quan, ninh binh",0.8732394366197183,0.04225352112676056,0,0.06172839506172839,0.0,2,1,0
1,"sn 32, ngo 4, duong ton duc thang, pho 11, phuong dong thanh, thanh pho ninh binh, ninh binh",0.8513513513513513,0.06756756756756757,0,0.024691358024691357,0.0,3,1,0
1,"khu tieu thu cong nghiep va lang nghe, phuong ninh phong, thanh pho ninh binh, ninh binh",0.9583333333333334,0.0,0,0.024691358024691357,0.0,0,1,0
1,"so 30, ngo 135, pho phuc thinh, phuong phuc thanh, thanh pho ninh binh, ninh binh",0.8484848484848485,0.07575757575757576,0,0.024691358024691357,0.0,4,1,0
1,"pho thien tan, phuong ninh son, thanh pho ninh binh, ninh binh",0.9411764705882353,0.0,0,0.012345679012345678,0.0,0,1,0
1,"thon hoi tien, xa quynh luu, huyen nho quan, ninh binh",0.9318181818181818,0.0,0,0.037037037037037035,0.0,0,1,0
1,"thon hu tri (tai nha ong nguyen vu ninh), xa vinh quang, huyen vinh bao, hai phong",0.9242424242424242,0.0,0,0.024691358024691357,0.0,0,1,0
1,"so 73 pho cam, phuong gia vien, quan ngo quyen, hai phong",0.8913043478260869,0.043478260869565216,0,0.024691358024691357,0.0,3,1,0
1,"lo so 41+42, to 20, khu dan cu so 3, phuong nam son, quan kien an, hai phong",0.7796610169491526,0.11864406779661017,0,0.06172839506172839,0.0,3,1,0
1,"so 343c/193 van cao, phuong dang lam, quan hai an, hai phong",0.7959183673469388,0.12244897959183673,0,0.024691358024691357,0.0,4,1,0
1,"lo l3 khu cong nghiep trang due, thuoc kkt dinh vu - cat hai, xa le loi, huyen an duong, hai phong",0.922077922077922,0.012987012987012988,0,0.04938271604938271,0.0,1,1,0
1,"so 169 duong 208, xa an dong, huyen an duong, hai phong",0.7954545454545454,0.13636363636363635,0,0.037037037037037035,0.0,4,1,0
1,"so 4/2/897 ton duc thang, phuong so dau, quan hong bang, hai phong",0.8148148148148148,0.09259259259259259,0,0.024691358024691357,0.0,3,1,0
1,"so 18/9/379 duong mieu hai xa, phuong du hang kenh, quan le chan, hai phong",0.819672131147541,0.09836065573770492,0,0.037037037037037035,0.0,3,1,0
1,"to 3, xom trung, phuong dang giang, quan ngo quyen, hai phong",0.9,0.02,0,0.024691358024691357,0.0,2,1,0
1,"so 23 pho me linh, phuong an bien, quan le chan, hai phong",0.8913043478260869,0.043478260869565216,0,0.024691358024691357,0.0,3,1,0
1,"tang 2, so 93 le thanh tong, phuong may chai, quan ngo quyen, hai phong",0.8771929824561403,0.05263157894736842,0,0.037037037037037035,0.0,3,1,0
1,"so 365 cho hang, phuong du hang kenh, quan le chan, hai phong",0.8775510204081632,0.061224489795918366,0,0.024691358024691357,0.0,4,1,0
1,"so 110/262 tran nguyen han, phuong tran nguyen han, quan le chan, hai phong",0.8387096774193549,0.0967741935483871,0,0.024691358024691357,0.0,4,1,0
1,"to 10, phuong quang phu, thanh pho quang ngai, quang ngai",0.8936170212765957,0.0425531914893617,0,0.024691358024691357,0.0,3,1,0
1,"khom 5, phuong ho phong, thi xa gia rai, bac lieu",0.8974358974358975,0.02564102564102564,0,0.024691358024691357,0.0,2,1,0
1,"so 220e duong nguyen van lau, khom 5, phuong 8, thanh pho vinh long, vinh long",0.8571428571428571,0.07936507936507936,0,0.06172839506172839,0.0,4,1,0
1,"so 238 to 17, ap 5, xa hau loc, huyen tam binh, vinh long",0.7727272727272727,0.13636363636363635,0,0.04938271604938271,0.0,4,1,0
1,"lo b10-11 khu cong nghiep suoi dau, xa suoi tan, huyen cam lam, khanh hoa",0.864406779661017,0.06779661016949153,0,0.037037037037037035,0.0,2,1,0
1,"so 09, ap nam chanh, thi tran lich hoi thuong, huyen tran de, soc trang",0.8947368421052632,0.03508771929824561,0,0.04938271604938271,0.0,3,1,0
1,"so 77 duong nguyen hue, khom 4, phuong 1, thanh pho soc trang, soc trang",0.8620689655172413,0.06896551724137931,0,0.04938271604938271,0.0,3,1,0
1,"o7lk-20 duong so 8, khu do thi 5a, phuong 4, thanh pho soc trang, soc trang",0.8166666666666667,0.1,0,0.037037037037037035,0.0,2,1,0
1,"1185a le van luong, xa phuoc kien, huyen nha be, tp ho chi minh",0.86,0.08,0,0.024691358024691357,0.0,4,0,1
1,"so 40 tran van can, phuong tan thoi hoa, quan tan phu, tp ho chi minh",0.9074074074074074,0.037037037037037035,0,0.037037037037037035,0.0,3,1,0
1,"so 793/12a tran xuan soan, phuong tan hung, quan 7, tp ho chi minh",0.8113207547169812,0.11320754716981132,0,0.037037037037037035,0.0,4,1,0
1,"61/1 to ky, phuong trung my tay, quan 12, tp ho chi minh",0.7954545454545454,0.11363636363636363,0,0.037037037037037035,0.0,3,0,1
1,"ap tan loi, thi tran mot ngan, huyen chau thanh a, hau giang",0.9375,0.0,0,0.037037037037037035,0.0,0,1,0
1,"1060/3 le van luong, ap 3, xa nhon duc, huyen nha be, tp ho chi minh",0.7924528301886793,0.11320754716981132,0,0.037037037037037035,0.0,4,0,1
1,"32/2 duong nguyen thi bup, khu pho 4, phuong hiep thanh, quan 12, tp ho chi minh",0.828125,0.09375,0,0.04938271604938271,0.0,3,0,1
1,"61 le thuc hoach, phuong phu tho hoa, quan tan phu, tp ho chi minh",0.9038461538461539,0.038461538461538464,0,0.024691358024691357,0.0,2,0,1
1,"68/34 thich quang duc, phuong 05, quan phu nhuan, tp ho chi minh",0.8076923076923077,0.11538461538461539,0,0.024691358024691357,0.0,3,0,1
1,"202/19 ly thuong kiet, phuong 14, quan 10, tp ho chi minh",0.717391304347826,0.1956521739130435,0,0.024691358024691357,0.0,3,0,1
1,"118/88/32 le trong tan, phuong tay thanh, quan tan phu, tp ho chi minh",0.7894736842105263,0.12280701754385964,0,0.024691358024691357,0.0,3,0,1
1,"165/23 nghia phat, phuong 6, quan tan binh, tp ho chi minh",0.7872340425531915,0.1276595744680851,0,0.024691358024691357,0.0,3,0,1
1,"290/40/114 no trang long, phuong 12, quan binh thanh, tp ho chi minh",0.7321428571428571,0.17857142857142858,0,0.024691358024691357,0.0,3,0,1
1,"14 (lau 2) nguyen dinh chieu, phuong da kao, quan 1, tp ho chi minh",0.8301886792452831,0.07547169811320754,0,0.037037037037037035,0.0,2,0,1
1,"51/7- 51/7a ong ich khiem, phuong 10, quan 11, tp ho chi minh",0.673469387755102,0.20408163265306123,0,0.024691358024691357,0.0,3,0,1
1,"336-338-340 huynh tan phat, khu pho 1, phuong binh thuan, quan 7, tp ho chi minh",0.7384615384615385,0.16923076923076924,0,0.037037037037037035,0.0,3,0,1
1,"106/28/4 tan chanh hiep, phuong tan chanh hiep, quan 12, tp ho chi minh",0.7758620689655172,0.13793103448275862,0,0.024691358024691357,0.0,3,0,1
1,"176 duong 2, phuong tang nhon phu b, quan 9, tp ho chi minh",0.8260869565217391,0.10869565217391304,0,0.04938271604938271,0.0,3,0,1
1,"31 nguyen trung ngan, phuong ben nghe, quan 1, tp ho chi minh",0.8775510204081632,0.061224489795918366,0,0.024691358024691357,0.0,2,0,1
1,"so 63 vo thi sau, phuong 06, quan 3, tp ho chi minh",0.7948717948717948,0.1282051282051282,0,0.037037037037037035,0.0,3,1,0
1,"15/4 tran phu, phuong 04, quan 5, tp ho chi minh",0.7368421052631579,0.15789473684210525,0,0.024691358024691357,0.0,3,0,1
1,"18 duong 49, phuong binh thuan, quan 7, tp ho chi minh",0.813953488372093,0.11627906976744186,0,0.037037037037037035,0.0,3,0,1
1,"39 dang tat, phuong tan dinh, quan 1, tp ho chi minh",0.8536585365853658,0.07317073170731707,0,0.024691358024691357,0.0,2,0,1
1,"22 truong cong dinh, phuong 14, quan tan binh, tp ho chi minh",0.8571428571428571,0.08163265306122448,0,0.024691358024691357,0.0,3,0,1
1,"92/1010g duong le duc tho, phuong 6, quan go vap, tp ho chi minh",0.7843137254901961,0.13725490196078433,0,0.037037037037037035,0.0,4,0,1
1,"11/12 thoai ngoc hau, phuong hoa thanh, quan tan phu, tp ho chi minh",0.8545454545454545,0.07272727272727272,0,0.024691358024691357,0.0,2,0,1
1,"so 15 duong 51, khu tai dinh cu 50ha, phuong cat lai, quan 2, tp ho chi minh",0.8135593220338984,0.11864406779661017,0,0.06172839506172839,0.0,3,1,0
1,"101 nguyen khuyen, phuong 12, quan binh thanh, tp ho chi minh",0.84,0.1,0,0.024691358024691357,0.0,3,0,1
1,"149/7 nguyen van cong, phuong 3, quan go vap, tp ho chi minh",0.8125,0.10416666666666667,0,0.024691358024691357,0.0,3,0,1
1,"50b duong so 36, khu pho 3, phuong binh trung tay, quan 2, tp ho chi minh",0.8245614035087719,0.10526315789473684,0,0.04938271604938271,0.0,3,0,1
1,"243/62 chu van an, phuong 12, quan binh thanh, tp ho chi minh",0.7755102040816326,0.14285714285714285,0,0.024691358024691357,0.0,3,0,1
1,"359/1/43g duong le van sy, phuong 13, quan 3, tp ho chi minh",0.7083333333333334,0.1875,0,0.037037037037037035,0.0,3,0,1
1,"525/234 huynh van banh, phuong 14, quan phu nhuan, tp ho chi minh",0.7735849056603774,0.1509433962264151,0,0.024691358024691357,0.0,3,0,1
1,"32 duong 12 chu van an, phuong 26, quan binh thanh, tp ho chi minh",0.8269230769230769,0.11538461538461539,0,0.037037037037037035,0.0,3,0,1
1,"332 bac hai, phuong 6, quan tan binh, tp ho chi minh",0.8292682926829268,0.0975609756097561,0,0.024691358024691357,0.0,3,0,1
1,"220/139l duong le van sy, phuong 14, quan 3, tp ho chi minh",0.723404255319149,0.19148936170212766,0,0.037037037037037035,0.0,3,0,1
1,"14 duong 82, phuong 10, quan 6, tp ho chi minh",0.7222222222222222,0.19444444444444445,0,0.037037037037037035,0.0,3,0,1
1,"72/4 duong so 1, phuong hiep binh phuoc, quan thu duc, tp ho chi minh",0.8545454545454545,0.07272727272727272,0,0.037037037037037035,0.0,2,0,1
1,"3/89b ap dinh, xa tan xuan, huyen hoc mon, tp ho chi minh",0.8444444444444444,0.06666666666666667,0,0.037037037037037035,0.0,2,0,1
1,"5 nguyen gia thieu, phuong 06, quan 3, tp ho chi minh",0.8333333333333334,0.09523809523809523,0,0.024691358024691357,0.0,3,0,1
1,"453/48 le van sy, phuong 12, quan 3, tp ho chi minh",0.7,0.2,0,0.024691358024691357,0.0,3,0,1
1,"33/1b dang van ngu, phuong 10, quan phu nhuan, tp ho chi minh",0.8163265306122449,0.10204081632653061,0,0.024691358024691357,0.0,3,0,1
1,"41a1 to 9, khu pho 3, thi tran cu chi, huyen cu chi, tp ho chi minh",0.8235294117647058,0.09803921568627451,0,0.06172839506172839,0.0,2,0,1
1,"395 thoai ngoc hau, phuong hiep tan, quan tan phu, tp ho chi minh",0.8846153846153846,0.057692307692307696,0,0.024691358024691357,0.0,3,0,1
1,"47-49 nguyen thi thap, khu do thi moi him lam, phuong tan hung, quan 7, tp ho chi minh",0.8529411764705882,0.07352941176470588,0,0.037037037037037035,0.0,2,0,1
1,"4/4 to ky, ap tam dong, xa thoi tam thon, huyen hoc mon, tp ho chi minh",0.8727272727272727,0.03636363636363636,0,0.06172839506172839,0.0,1,0,1
1,"tang 1, toa nha packsimex, so 52 dong du, phuong ben nghe, quan 1, tp ho chi minh",0.859375,0.0625,0,0.06172839506172839,0.0,3,1,0
1,"h18 duong so 6, khu dan cu phuoc kien a, xa phuoc kien, huyen nha be, tp ho chi minh",0.8923076923076924,0.046153846153846156,0,0.04938271604938271,0.0,2,1,0
1,"to 3, ap ong lang, xa cua duong, huyen phu quoc, kien giang",0.8936170212765957,0.02127659574468085,0,0.04938271604938271,0.0,2,1,0
1,"so 345 duong nguyen trung truc, khu pho 5, thi tran duong dong, huyen phu quoc, kien giang",0.8904109589041096,0.0547945205479452,0,0.06172839506172839,0.0,4,1,0
1,"so 581/79/6 duong mac cuu, khu pho huynh thuc khang, phuong vinh quang, thanh pho rach gia, kien giang",0.8571428571428571,0.07142857142857142,0,0.04938271604938271,0.0,4,1,0
1,"quoc lo 80, to 10, khu pho su nam, thi tran hon dat, huyen hon dat, kien giang",0.8524590163934426,0.06557377049180328,0,0.06172839506172839,0.0,3,1,0
1,"so 147c duong ly thuong kiet, thi tran duong dong, huyen phu quoc, kien giang",0.9047619047619048,0.047619047619047616,0,0.04938271604938271,0.0,4,1,0
1,"to 2, ap ong lang, xa cua duong, huyen phu quoc, kien giang",0.8936170212765957,0.02127659574468085,0,0.04938271604938271,0.0,2,1,0
1,"110 dinh tien hoang, phuong 1, thanh pho dong ha, quang tri",0.8541666666666666,0.08333333333333333,0,0.012345679012345678,0.0,3,0,1
1,"182/21 nguyen huu canh, phuong thang nhat, thanh pho vung tau, ba ria - vung tau",0.8461538461538461,0.07692307692307693,0,0.012345679012345678,0.0,3,0,1
1,"so 187, nguyen sinh sac, khom 2, phuong 2, thanh pho sa dec, dong thap",0.8214285714285714,0.08928571428571429,0,0.037037037037037035,0.0,4,1,0
1,"so 678, to 20, ap dong dinh, xa tan thuan dong, thanh pho cao lanh, dong thap",0.8360655737704918,0.08196721311475409,0,0.04938271604938271,0.0,4,1,0
1,"so 109, ap tan lap, xa tan nhuan dong, huyen chau thanh, dong thap",0.8679245283018868,0.05660377358490566,0,0.037037037037037035,0.0,4,1,0
1,"so 27, duong kenh tn 27, ap an dien, xa an binh, huyen chau thanh, tay ninh",0.847457627118644,0.06779661016949153,0,0.04938271604938271,0.0,3,1,0
1,"hang trung, xa van ho, huyen van ho, son la",0.9117647058823529,0.0,0,0.012345679012345678,0.0,0,1,0
1,"hang trung, xa van ho, huyen van ho, son la",0.9117647058823529,0.0,0,0.012345679012345678,0.0,0,1,0
1,"hang trung, xa van ho, huyen van ho, son la",0.9117647058823529,0.0,0,0.012345679012345678,0.0,0,1,0
1,"48/20 suong nguyet anh, phuong 2, thanh pho tan an, long an",0.8125,0.10416666666666667,0,0.012345679012345678,0.0,2,0,1
1,"so nha 60b, to 3, phuong huu nghi, thanh pho hoa binh, hoa binh",0.86,0.06,0,0.037037037037037035,0.0,3,1,0
1,"khu trung tam thuong mai, dich vu bo trai song da, phuong huu nghi, thanh pho hoa binh, hoa binh",0.948051948051948,0.0,0,0.024691358024691357,0.0,0,1,0
1,"92/50 (so cu 24/6b) hung vuong, phuong loc tho, thanh pho nha trang, khanh hoa",0.78125,0.109375,0,0.024691358024691357,0.0,3,0,1
1,"thon phuoc ha, xa phuoc dong, thanh pho nha trang, khanh hoa",0.9387755102040817,0.0,0,0.024691358024691357,0.0,0,1,0
1,"38 le chan, phuong phuoc tan, thanh pho nha trang, khanh hoa",0.8979591836734694,0.04081632653061224,0,0.012345679012345678,0.0,2,0,1
1,"16 mac dinh chi, phuong phuoc tien, thanh pho nha trang, khanh hoa",0.9074074074074074,0.037037037037037035,0,0.012345679012345678,0.0,2,0,1
1,"tieu khu la mat, thi tran kien khe, huyen thanh liem, ha nam",0.9375,0.0,0,0.037037037037037035,0.0,0,1,0
1,"thon dong quan, xa nhan nghia, huyen ly nhan, ha nam",0.9285714285714286,0.0,0,0.037037037037037035,0.0,0,1,0
1,"gan so nha 216, duong huynh dang tho, phuong quang trung, thanh pho kon tum, kon tum",0.8970588235294118,0.04411764705882353,0,0.037037037037037035,0.0,4,1,0
1,"so nha 106, duong hoang thi loan, phuong quang trung, thanh pho kon tum, kon tum",0.8923076923076924,0.046153846153846156,0,0.037037037037037035,0.0,4,1,0
1,"khu pho 4, phuong binh hung, thanh pho phan thiet, binh thuan",0.92,0.02,0,0.024691358024691357,0.0,2,1,0
1,"169 cach mang thang tam, khu pho 7, thi tran vo xu, huyen duc linh, binh thuan",0.8709677419354839,0.06451612903225806,0,0.037037037037037035,0.0,3,0,1
1,"to 1, phuong nguyen trai, tp ha giang, ha giang",0.8947368421052632,0.02631578947368421,0,0.024691358024691357,0.0,2,1,0
1,"so 216, huynh tan phat, khu pho hiep thanh, phuong hiep ninh, thanh pho tay ninh, tay ninh",0.8904109589041096,0.0410958904109589,0,0.037037037037037035,0.0,4,1,0
1,"7/14b, ap long binh, xa long thanh nam, huyen hoa thanh, tay ninh",0.8490566037735849,0.05660377358490566,0,0.024691358024691357,0.0,2,0,1
1,"t2, so nha 159, duong le thanh tong, to 20, phuong tan thinh, thanh pho hoa binh, hoa binh",0.8333333333333334,0.08333333333333333,0,0.04938271604938271,0.0,4,1,0
1,"thon mo da, xa quang lang, huyen chi lang, lang son",0.926829268292683,0.0,0,0.024691358024691357,0.0,0,1,0
1,"so b15 ben dinh 3, phuong 9, thanh pho vung tau, ba ria - vung tau",0.8431372549019608,0.0784313725490196,0,0.024691358024691357,0.0,2,1,0
1,"quoc lo 1a, thon lac tri, xa phu lac, huyen tuy phong, binh thuan",0.9038461538461539,0.019230769230769232,0,0.037037037037037035,0.0,2,1,0
1,"thon tan thuan, xa phuoc thuan, huyen tuy phuoc, binh dinh",0.9375,0.0,0,0.024691358024691357,0.0,0,1,0
1,"so 38 nguyen hue, thi tran tuy phuoc, huyen tuy phuoc, binh dinh",0.9038461538461539,0.038461538461538464,0,0.037037037037037035,0.0,3,1,0
1,"to 8, khu vuc 7, phuong tran quang dieu, thanh pho quy nhon, binh dinh",0.8928571428571429,0.03571428571428571,0,0.037037037037037035,0.0,2,1,0
1,"so 83 duong 1 thang 5, phuong dong da, thanh pho quy nhon, binh dinh",0.8703703703703703,0.07407407407407407,0,0.037037037037037035,0.0,3,1,0
1,"thon ngoc thanh 2, xa phuoc an, huyen tuy phuoc, binh dinh",0.9148936170212766,0.02127659574468085,0,0.024691358024691357,0.0,2,1,0
1,"lo b3-27, duong ha huy tap, khu nam thien 3, phuong tan phong, quan 7, tp ho chi minh",0.835820895522388,0.07462686567164178,0,0.06172839506172839,0.0,2,1,0
1,"toa nha bitexco financial, so 2, duong hai trieu, phuong ben nghe, quan 1, tp ho chi minh",0.9027777777777778,0.027777777777777776,0,0.06172839506172839,0.0,2,1,0
1,"so 18, duong dien bien phu, phuong da kao, quan 1, tp ho chi minh",0.8627450980392157,0.058823529411764705,0,0.04938271604938271,0.0,3,1,0
1,"thon cao xa, xa cao dai, huyen vinh tuong, vinh phuc",0.9285714285714286,0.0,0,0.024691358024691357,0.0,0,1,0
1,"xom tu (nr: nguyen an dinh), xa tam son, thi xa tu son, bac ninh",0.88,0.0,0,0.012345679012345678,0.0,0,1,0
1,"246a hl19 ap cho tram, xa my le, huyen can duoc, long an",0.8181818181818182,0.11363636363636363,0,0.024691358024691357,0.0,3,0,1
1,"so 24 duong ngo quoc tri, khu vuc 3, phuong v, tp vi thanh, hau giang",0.8703703703703703,0.05555555555555555,0,0.04938271604938271,0.0,3,1,0
1,"ap moi 1, xa my hanh nam, huyen duc hoa, long an",0.8918918918918919,0.02702702702702703,0,0.024691358024691357,0.0,2,1,0
1,"366 ap 3a, xa huu thanh, huyen duc hoa, long an",0.8108108108108109,0.10810810810810811,0,0.024691358024691357,0.0,3,0,1
1,"so 717, ap 5, xa duc hoa dong, huyen duc hoa, long an",0.8048780487804879,0.0975609756097561,0,0.037037037037037035,0.0,4,1,0
1,"o 1, lo dc 10, khu dan cu viet sing, phuong an phu, tx thuan an, binh duong",0.8620689655172413,0.05172413793103448,0,0.04938271604938271,0.0,3,1,0
1,"so 94, duong so 94, khu pho 2, phuong phu tan, thanh pho thu dau mot, binh duong",0.8412698412698413,0.07936507936507936,0,0.037037037037037035,0.0,3,1,0
1,"lo c3.1, duong d1, khu cong nghiep dong an 2, phuong hoa phu, thanh pho thu dau mot, binh duong",0.868421052631579,0.05263157894736842,0,0.04938271604938271,0.0,3,1,0
1,"so k1/21 duong d3-3, khu dan cu rach bap, xa an dien, thi xa ben cat, binh duong",0.8253968253968254,0.07936507936507936,0,0.04938271604938271,0.0,2,1,0
1,"lo oa12 duong gs01, khu pho tay b, phuong dong hoa, tx di an, binh duong",0.8596491228070176,0.07017543859649122,0,0.04938271604938271,0.0,2,1,0
1,"so 3b, duong so 7 khu nha o cb cnv, khu pho binh duong 4, phuong an binh, tx di an, binh duong",0.8888888888888888,0.041666666666666664,0,0.04938271604938271,0.0,2,1,0
1,"so 18, duong 4b, to 3c, khu pho chieu lieu, tx di an, binh duong",0.82,0.08,0,0.06172839506172839,0.0,3,1,0
1,"so 2, khu pho binh quoi a, phuong binh chuan, tx thuan an, binh duong",0.9090909090909091,0.01818181818181818,0,0.04938271604938271,0.0,2,1,0
1,"lo l23, duong nl6, khu pho 3a, khu cong nghiep my phuoc 3, phuong thoi hoa, thi xa ben cat, binh duong",0.8641975308641975,0.06172839506172839,0,0.06172839506172839,0.0,2,1,0
1,"1003 pham van dong, phuong yen the, thanh pho pleiku, gia lai",0.86,0.08,0,0.012345679012345678,0.0,4,0,1
1,"thon tan phu, xa dak djrang, huyen mang yang, gia lai",0.9302325581395349,0.0,0,0.024691358024691357,0.0,0,1,0
1,"27a ton that thuyet, phuong thong nhat, thanh pho pleiku, gia lai",0.9074074074074074,0.037037037037037035,0,0.012345679012345678,0.0,2,0,1
1,"tieu khu 3, thi tran moc chau, huyen moc chau, son la",0.9047619047619048,0.023809523809523808,0,0.037037037037037035,0.0,2,1,0
1,"ap long loi, xa long hung, huyen chau thanh, tien giang",0.9333333333333333,0.0,0,0.024691358024691357,0.0,0,1,0
1,"01 thanh hoa, phuong tan an, thanh pho hoi an, quang nam",0.8888888888888888,0.044444444444444446,0,0.012345679012345678,0.0,2,0,1
1,"to 14 duong de, phuong vinh hoa, thanh pho nha trang, khanh hoa",0.9019607843137255,0.0392156862745098,0,0.037037037037037035,0.0,3,1,0
1,"thon van doi, xa hoang giang, huyen nong cong, thanh hoa",0.9347826086956522,0.0,0,0.024691358024691357,0.0,0,1,0
1,"so 547, duong quang dong, khom 4, phuong 5, thanh pho tra vinh, tra vinh",0.8275862068965517,0.08620689655172414,0,0.04938271604938271,0.0,4,1,0
1,"17 ly tu trong, phuong loc tho, thanh pho nha trang, khanh hoa",0.9,0.04,0,0.012345679012345678,0.0,2,0,1
1,"64h duong van nga, phuong vinh hai, thanh pho nha trang, khanh hoa",0.9074074074074074,0.037037037037037035,0,0.024691358024691357,0.0,2,0,1
1,"so 02 biet thu, phuong loc tho, thanh pho nha trang, khanh hoa",0.9,0.04,0,0.024691358024691357,0.0,3,1,0
1,"duong hoang hoa tham, khu bo son, phuong vo cuong, thanh pho bac ninh, bac ninh",0.9375,0.0,0,0.037037037037037035,0.0,0,1,0
1,"kcn nhon trach iii, giai doan 2, huyen nhon trach, dong nai",0.9166666666666666,0.020833333333333332,0,0.024691358024691357,0.0,2,1,0
1,"37 duong 3/2, phuong 8, thanh pho vung tau, ba ria - vung tau",0.7916666666666666,0.10416666666666667,0,0.024691358024691357,0.0,2,0,1
1,"lo d6a cn kcn my phuoc 3,, thi xa ben cat, binh duong",0.8780487804878049,0.04878048780487805,0,0.04938271604938271,0.0,2,1,0
1,"so 404, duong ta uyen, khom 5, phuong 9, thanh pho ca mau, ca mau",0.803921568627451,0.09803921568627451,0,0.04938271604938271,0.0,4,1,0
1,"thon cuom tren, xa xuan mai, huyen van quan, lang son",0.9302325581395349,0.0,0,0.037037037037037035,0.0,0,1,0
1,"thon truyen nam, xa phu an, huyen phu vang, thua thien - hue",0.9166666666666666,0.0,0,0.037037037037037035,0.0,0,1,0
1,"p1001 toa nha keangnam 72 tang, duong pham hung, phuong me tri, quan nam tu liem, ha noi",0.8591549295774648,0.08450704225352113,0,0.04938271604938271,0.0,4,1,0
1,"41a ly thai to, phuong ly thai to, quan hoan kiem, ha noi",0.8888888888888888,0.044444444444444446,0,0.024691358024691357,0.0,2,0,1
1,"o dat ky hieu thqt thuoc khu do thi moi c2-gamuda gardens, phuong yen so, quan hoang mai, ha noi",0.935064935064935,0.012987012987012988,0,0.037037037037037035,0.0,1,1,0
1,"tang 7, toa nha ap, 58 tran thai tong, phuong dich vong, quan cau giay, ha noi",0.8709677419354839,0.04838709677419355,0,0.04938271604938271,0.0,3,1,0
1,"lo cn - 01, kcn van trung, xa van trung, huyen viet yen, bac giang",0.8653846153846154,0.038461538461538464,0,0.037037037037037035,0.0,3,1,0
1,"ap thi, thi tran cho moi, huyen cho moi, an giang",0.9230769230769231,0.0,0,0.037037037037037035,0.0,0,1,0
1,"vinh loi, xa vinh khanh, huyen thoai son, an giang",0.926829268292683,0.0,0,0.012345679012345678,0.0,0,1,0
1,"lo a4.13-14, khu cong nghiep thanh thanh cong, xa an hoa, huyen trang bang, tay ninh",0.8405797101449275,0.07246376811594203,0,0.037037037037037035,0.0,4,1,0
1,"so 12, ngo 1, duong pham nguyen du, phuong hong son, thanh pho vinh, nghe an",0.8688524590163934,0.04918032786885246,0,0.037037037037037035,0.0,3,1,0
1,"so 116a/1, khu pho 1a, phuong an phu, tx thuan an, binh duong",0.7959183673469388,0.10204081632653061,0,0.04938271604938271,0.0,4,1,0
1,"thua dat so 299, to ban do so 08, khu pho phuoc hai, thi xa tan uyen, binh duong",0.8548387096774194,0.08064516129032258,0,0.07407407407407407,0.0,4,1,0
1,"so e25/7, ap hiep hoa, xa hiep tan, huyen hoa thanh, tay ninh",0.8367346938775511,0.061224489795918366,0,0.037037037037037035,0.0,2,1,0
1,"17-01 toa nha prime, so 53, pho quang trung, phuong nguyen du, quan hai ba trung, ha noi",0.8309859154929577,0.08450704225352113,0,0.037037037037037035,0.0,3,0,1
1,"so 32/11, khu pho dong a, phuong dong hoa, tx di an, binh duong",0.82,0.08,0,0.04938271604938271,0.0,3,1,0
1,"so 6, ngo 6, pho vong thi, phuong buoi, quan tay ho, ha noi",0.8478260869565217,0.043478260869565216,0,0.024691358024691357,0.0,2,1,0
1,"so 168, duong de to hoang, phuong cau den, quan hai ba trung, ha noi",0.8703703703703703,0.05555555555555555,0,0.04938271604938271,0.0,4,1,0
1,"xom 11, thon hau ai, xa van canh, huyen hoai duc, ha noi",0.8636363636363636,0.045454545454545456,0,0.024691358024691357,0.0,3,1,0
1,"so 7a, ngo 466 hoang hoa tham, phuong buoi, quan tay ho, ha noi",0.84,0.08,0,0.024691358024691357,0.0,4,1,0
1,"so 16, ngo long giang, pho giai phong, phuong giap bat, quan hoang mai, ha noi",0.8888888888888888,0.031746031746031744,0,0.024691358024691357,0.0,3,1,0
1,"so 143/74/63 nguyen chinh, phuong thinh liet, quan hoang mai, ha noi",0.7894736842105263,0.12280701754385964,0,0.024691358024691357,0.0,4,1,0
1,"3sb-5-2 & 3sb-6-2,khu pho grand view (cn1-3),nguyen duc canh, phuong tan phong, quan 7, tp ho chi minh",0.7411764705882353,0.10588235294117647,0,0.037037037037037035,0.0,2,0,1
1,"tang 08, toa nha lutaco, 173a nguyen van troi, phuong 11, quan phu nhuan, tp ho chi minh",0.8309859154929577,0.09859154929577464,0,0.04938271604938271,0.0,4,1,0
1,"toa nha zen plaza, so 54-56, duong nguyen trai, phuong ben thanh, quan 1, tp ho chi minh",0.8450704225352113,0.07042253521126761,0,0.06172839506172839,0.0,3,1,0
1,"lau 7, toa nha bitexco office, so 19-25 nguyen hue, phuong ben nghe, quan 1, tp ho chi minh",0.8356164383561644,0.0821917808219178,0,0.06172839506172839,0.0,3,1,0
1,"662a, an phu, phuong an phu, quan 2, tp ho chi minh",0.8,0.1,0,0.024691358024691357,0.0,3,0,1
1,"so 9b, to 12, duong giai phong, phuong hoang liet, quan hoang mai, ha noi",0.864406779661017,0.05084745762711865,0,0.04938271604938271,0.0,3,1,0
1,"so 3, ngach 22, ngo 69, duong bui huy bich, phuong hoang liet, quan hoang mai, ha noi",0.8382352941176471,0.07352941176470588,0,0.04938271604938271,0.0,3,1,0
1,"so 101 nha k2, pho vinh phuc, phuong vinh phuc, quan ba dinh, ha noi",0.8518518518518519,0.07407407407407407,0,0.024691358024691357,0.0,4,1,0
1,"so nha 56/33, ngo 102, duong truong chinh, phuong phuong mai, quan dong da, ha noi",0.8059701492537313,0.1044776119402985,0,0.037037037037037035,0.0,4,1,0
1,"vu chinh sach thue, bo tai chinh,so 28 tran hung dao, phuong phan chu trinh, quan hoan kiem, ha noi",0.9125,0.025,0,0.024691358024691357,0.0,3,1,0
1,"tang 17, toa nha icon 4, so 243a de la thanh, phuong lang thuong, quan dong da, ha noi",0.8382352941176471,0.08823529411764706,0,0.04938271604938271,0.0,4,1,0
1,"so 59, duong vu hong pho, kp 3, phuong an binh, thanh pho bien hoa, dong nai",0.8666666666666667,0.05,0,0.04938271604938271,0.0,3,1,0
1,"so 98, to 8, kp 3, phuong an binh, thanh pho bien hoa, dong nai",0.8163265306122449,0.08163265306122448,0,0.04938271604938271,0.0,3,1,0
1,"so d8, to 3, kp 4, phuong quang vinh, thanh pho bien hoa, dong nai",0.8461538461538461,0.057692307692307696,0,0.04938271604938271,0.0,2,1,0
1,"so 68/27, to 5, kp 3, phuong long binh tan, thanh pho bien hoa, dong nai",0.7894736842105263,0.10526315789473684,0,0.04938271604938271,0.0,3,1,0
1,"so c15k99, ap long duc 1, xa tam phuoc, thanh pho bien hoa, dong nai",0.8333333333333334,0.09259259259259259,0,0.037037037037037035,0.0,2,1,0
1,"so 18, ngach 32/2/32 duong buoi, phuong ngoc khanh, quan ba dinh, ha noi",0.7796610169491526,0.11864406779661017,0,0.04938271604938271,0.0,3,1,0
1,"so 59 nguyen tuan, phuong thanh xuan trung, quan thanh xuan, ha noi",0.9090909090909091,0.03636363636363636,0,0.024691358024691357,0.0,3,1,0
1,"so 38, ngo 132, to dan pho tan xuan 5, phuong xuan dinh, quan bac tu liem, ha noi",0.8253968253968254,0.09523809523809523,0,0.037037037037037035,0.0,4,1,0
1,"so 11, ngach 67, ngo goc de, duong minh khai, phuong hoang van thu, quan hoang mai, ha noi",0.8611111111111112,0.05555555555555555,0,0.04938271604938271,0.0,3,1,0
1,"so 17, ngo 192/236/2 dinh cong, phuong dinh cong, quan hoang mai, ha noi",0.7457627118644068,0.15254237288135594,0,0.024691358024691357,0.0,4,1,0
1,"so 206, pho dinh cong ha, phuong dinh cong, quan hoang mai, ha noi",0.8679245283018868,0.05660377358490566,0,0.024691358024691357,0.0,4,1,0
1,"so nha 38, ngo 172, pho dai tu, phuong dai kim, quan hoang mai, ha noi",0.8181818181818182,0.09090909090909091,0,0.024691358024691357,0.0,4,1,0
1,"so 7, ngo 10, pho thinh liet, phuong thinh liet, quan hoang mai, ha noi",0.8596491228070176,0.05263157894736842,0,0.024691358024691357,0.0,3,1,0
1,"thon thang huu, xa minh tri, huyen soc son, ha noi",0.925,0.0,0,0.024691358024691357,0.0,0,1,0
1,"so 5, pho vu huu loi, phuong nguyen du, quan hai ba trung, ha noi",0.9019607843137255,0.0196078431372549,0,0.024691358024691357,0.0,2,1,0
1,"so 51a, ngach 264/17, duong au co, phuong nhat tan, quan tay ho, ha noi",0.7719298245614035,0.12280701754385964,0,0.04938271604938271,0.0,4,1,0
1,"so 4/70/1395 giai phong, phuong hoang liet, quan hoang mai, ha noi",0.7818181818181819,0.12727272727272726,0,0.024691358024691357,0.0,4,1,0
1,"so 135a, duong vinh tuy, phuong vinh tuy, quan hai ba trung, ha noi",0.8703703703703703,0.05555555555555555,0,0.037037037037037035,0.0,4,1,0
1,"cong ty tnhh tea kyung vina, xom quan, xa minh duc, huyen tu ky, hai duong",0.9322033898305084,0.0,0,0.037037037037037035,0.0,0,1,0
1,"thon de e, xa le loi, huyen hoanh bo, quang ninh",0.9210526315789473,0.0,0,0.024691358024691357,0.0,0,1,0
1,"ap thanh hoa, xa thanh phu, xa thanh phu, huyen co do, can tho",0.9183673469387755,0.0,0,0.024691358024691357,0.0,0,1,0
1,"thon 7, xa nam binh, huyen dak song, dak nong",0.8888888888888888,0.027777777777777776,0,0.024691358024691357,0.0,2,1,0
1,"(nha ba mai thi tham), to 3, phuong chieng le, tp. son la, son la",0.8431372549019608,0.0196078431372549,0,0.024691358024691357,0.0,2,0,0
1,"so nha 159, to dan pho 30, phuong muong thanh, tp dien bien phu, dien bien",0.847457627118644,0.0847457627118644,0,0.037037037037037035,0.0,4,1,0
1,"so nha 87, to dan pho 1, phuong nam thanh, tp dien bien phu, dien bien",0.8727272727272727,0.05454545454545454,0,0.037037037037037035,0.0,3,1,0
1,"lo 13, khu trung tam, phuong hong hai, thanh pho ha long, quang ninh",0.8909090909090909,0.03636363636363636,0,0.037037037037037035,0.0,3,1,0
1,"khu vuc binh thanh b, phuong binh thanh, thi xa long my, hau giang",0.9433962264150944,0.0,0,0.024691358024691357,0.0,0,1,0
1,"bon bu n'do, thon 6, xa dak r-tih, huyen tuy duc, dak nong",0.8478260869565217,0.021739130434782608,0,0.024691358024691357,0.0,2,1,0
1,"144 duong phuong sai, phuong phuong sai, thanh pho nha trang, khanh hoa",0.8983050847457628,0.05084745762711865,0,0.024691358024691357,0.0,3,0,1
1,"to dan pho 8, phuong ninh hiep, thi xa ninh hoa, khanh hoa",0.9130434782608695,0.021739130434782608,0,0.024691358024691357,0.0,2,1,0
1,"18b hoang hoa tham, phuong loc tho, thanh pho nha trang, khanh hoa",0.9074074074074074,0.037037037037037035,0,0.012345679012345678,0.0,2,0,1
1,"lo f3 va f4 khu cong nghiep suoi dau, xa suoi tan, huyen cam lam, khanh hoa",0.9152542372881356,0.03389830508474576,0,0.037037037037037035,0.0,1,1,0
1,"18/2 phuoc long, phuong phuoc long, thanh pho nha trang, khanh hoa",0.8727272727272727,0.05454545454545454,0,0.012345679012345678,0.0,2,0,1
1,"to dan pho thanh chau, phuong ninh giang, thi xa ninh hoa, khanh hoa",0.9454545454545454,0.0,0,0.024691358024691357,0.0,0,1,0
1,"thon ao khoai, xa thinh hung, huyen yen binh, yen bai",0.9302325581395349,0.0,0,0.024691358024691357,0.0,0,1,0
1,"thon phuoc binh dong, xa son vien, huyen nong son, quang nam",0.9387755102040817,0.0,0,0.024691358024691357,0.0,0,1,0
1,"to 12, khu vuc 5, phuong tran quang dieu, thanh pho quy nhon, binh dinh",0.8771929824561403,0.05263157894736842,0,0.037037037037037035,0.0,3,1,0
1,"96 cau dua - phu nong, xa vinh ngoc, thanh pho nha trang, khanh hoa",0.8867924528301887,0.03773584905660377,0,0.012345679012345678,0.0,2,0,1
1,"29e thuy xuong, phuong phuong son, thanh pho nha trang, khanh hoa",0.9074074074074074,0.037037037037037035,0,0.012345679012345678,0.0,2,0,1
1,"so 38, to 3, kp 2, phuong tan hiep, thanh pho bien hoa, dong nai",0.82,0.08,0,0.04938271604938271,0.0,3,1,0
1,"lo b, duong 2a, khu cong nghiep dong an, phuong binh hoa, tx thuan an, binh duong",0.9076923076923077,0.015384615384615385,0,0.04938271604938271,0.0,2,1,0
1,"so 144/1a, duong dt 743, khu pho tan an, tx di an, binh duong",0.75,0.14583333333333334,0,0.04938271604938271,0.0,4,1,0
1,"so 66, duong tran phu, khu dan cu chanh nghia, khu 11, phuong chanh nghia, thanh pho thu dau mot, binh duong",0.8850574712643678,0.04597701149425287,0,0.04938271604938271,0.0,3,1,0
1,"so 552, to 7, ap tan thinh, xa an binh, huyen phu giao, binh duong",0.8269230769230769,0.07692307692307693,0,0.06172839506172839,0.0,4,1,0
1,"so 73/2 huynh van luy, khu pho 3, phuong phu loi, thanh pho thu dau mot, binh duong",0.8636363636363636,0.06060606060606061,0,0.04938271604938271,0.0,3,1,0
1,"tieu khu huu nghi, thi tran nt viet trung, huyen bo trach, quang binh",0.9464285714285714,0.0,0,0.037037037037037035,0.0,0,1,0
1,"thon huu tan, xa tan ninh, huyen quang ninh, quang binh",0.9333333333333333,0.0,0,0.024691358024691357,0.0,0,1,0
1,"khom tay chin, thi tran lao bao, huyen huong hoa, quang tri",0.9375,0.0,0,0.037037037037037035,0.0,0,1,0
1,"to 13, ap lang lon, xa xuan my, huyen cam my, dong nai",0.8571428571428571,0.047619047619047616,0,0.037037037037037035,0.0,3,1,0
1,"so 108g/99, kp 10, phuong ho nai, thanh pho bien hoa, dong nai",0.76,0.14,0,0.037037037037037035,0.0,4,1,0
1,"c2, kp 1, phuong buu long, thanh pho bien hoa, dong nai",0.8636363636363636,0.045454545454545456,0,0.024691358024691357,0.0,2,1,0
1,"so 382 ho thi huong, kp 5, phuong xuan an, thi xa long khanh, dong nai",0.8545454545454545,0.07272727272727272,0,0.037037037037037035,0.0,4,1,0
1,"nha so 06, ngo 165, duong ha huy tap, phuong ha huy tap, thanh pho vinh, nghe an",0.8412698412698413,0.07936507936507936,0,0.037037037037037035,0.0,4,1,0
1,"so 64, duong le hong phong, phuong hung binh, thanh pho vinh, nghe an",0.8928571428571429,0.03571428571428571,0,0.037037037037037035,0.0,3,1,0
1,"quoc lo 1a, xom cua mo, xa nghi yen, huyen nghi loc, nghe an",0.8936170212765957,0.02127659574468085,0,0.024691358024691357,0.0,2,1,0
1,"tai nha ong bui dinh minh, xom phu tho, xa thuong loc, huyen can loc, ha tinh",0.9344262295081968,0.0,0,0.012345679012345678,0.0,0,1,0
1,"nha ong su huu ninh, to dan pho long son, phuong ky long, thi xa ky anh, ha tinh",0.9354838709677419,0.0,0,0.024691358024691357,0.0,0,1,0
1,"so 39 nga tu gieng phu, thon nam thanh, xa cam nam, huyen cam xuyen, ha tinh",0.9,0.03333333333333333,0,0.037037037037037035,0.0,3,1,0
1,"so 20 le thai to, khu bo son, phuong vo cuong, thanh pho bac ninh, bac ninh",0.8983050847457628,0.03389830508474576,0,0.04938271604938271,0.0,3,1,0
1,"thon cam dan(thue nha ba nguyen thi nga), xa cam dan, huyen son dong, bac giang",0.921875,0.0,0,0.024691358024691357,0.0,0,1,0
1,"so 32/279 duong than nhan trung, thi tran bich dong, huyen viet yen, bac giang",0.859375,0.078125,0,0.04938271604938271,0.0,3,1,0
1,"thon bac cuong, thi tran tho tang, huyen vinh tuong, vinh phuc",0.9411764705882353,0.0,0,0.04938271604938271,0.0,0,1,0
1,"khu 3, thach de, xa hien da, huyen cam khe, phu tho",0.875,0.025,0,0.024691358024691357,0.0,2,1,0
1,"so nha 13, pho khanh, thi tran thanh son, huyen thanh son, phu tho",0.8867924528301887,0.03773584905660377,0,0.037037037037037035,0.0,3,1,0
1,"lo dat so 11, cum cong nghiep lang nghe nam thanh ba, xa do son, huyen thanh ba, phu tho",0.9130434782608695,0.028985507246376812,0,0.037037037037037035,0.0,3,1,0
1,"ap go vo nho, xa binh thanh, huyen moc hoa, long an",0.925,0.0,0,0.024691358024691357,0.0,0,1,0
1,"243k, nguyen van cu, phuong an hoa, quan ninh kieu, can tho",0.8541666666666666,0.0625,0,0.012345679012345678,0.0,3,0,1
1,"169, vo nguyen giap, phuong phu thu, quan cai rang, can tho",0.8541666666666666,0.0625,0,0.012345679012345678,0.0,3,0,1
1,"so 130/25, duong dinh tien hoang, khom 2, phuong 9, thanh pho ca mau, ca mau",0.7868852459016393,0.11475409836065574,0,0.04938271604938271,0.0,4,1,0
1,"so 1/29, duong ly thuong kiet, khom 7, phuong 6, thanh pho ca mau, ca mau",0.8103448275862069,0.08620689655172414,0,0.04938271604938271,0.0,2,1,0
1,"khom 2, thi tran song doc, huyen tran van thoi, ca mau",0.9069767441860465,0.023255813953488372,0,0.037037037037037035,0.0,2,1,0
1,"pho ba huyen, quoc lo 38 (thue ct tnhh phuoc an), phuong khac niem, thanh pho bac ninh, bac ninh",0.8961038961038961,0.025974025974025976,0,0.037037037037037035,0.0,3,1,0
1,"35/5 duong tl 02, khu pho 3a, phuong thanh loc, quan 12, tp ho chi minh",0.7678571428571429,0.14285714285714285,0,0.04938271604938271,0.0,3,0,1
1,"385 xo viet nghe tinh, phuong 24, quan binh thanh, tp ho chi minh",0.8461538461538461,0.09615384615384616,0,0.024691358024691357,0.0,3,0,1
1,"m12, duong hiep binh, khu dan cu hong long, phuong hiep binh phuoc, quan thu duc, tp ho chi minh",0.9090909090909091,0.025974025974025976,0,0.04938271604938271,0.0,2,1,0
1,"66t cu xa phu lam d, phuong 10, quan 6, tp ho chi minh",0.8048780487804879,0.12195121951219512,0,0.024691358024691357,0.0,3,0,1
1,"so nha 111, duong ngo quyen, phuong tan binh, thanh pho hai duong, hai duong",0.8870967741935484,0.04838709677419355,0,0.037037037037037035,0.0,4,1,0
1,"lo 6a, duong so 3, kcn tan duc, xa duc hoa ha, huyen duc hoa, long an",0.8679245283018868,0.03773584905660377,0,0.04938271604938271,0.0,2,1,0
1,"so 4/25/475 nguyen trai, phuong thanh xuan nam, quan thanh xuan, ha noi",0.8135593220338984,0.1016949152542373,0,0.024691358024691357,0.0,3,1,0
1,"thon noi am, xa lien ninh, huyen thanh tri, ha noi",0.925,0.0,0,0.024691358024691357,0.0,0,1,0
1,"so 14, lien ke 6 kdt dai thanh, xa ta thanh oai, huyen thanh tri, ha noi",0.875,0.05357142857142857,0,0.037037037037037035,0.0,3,1,0
1,"so 12, pho hang dieu, phuong cua dong, quan hoan kiem, ha noi",0.8775510204081632,0.04081632653061224,0,0.024691358024691357,0.0,3,1,0
1,"phong 309, toa nha pacific, 168 vo thi sau, phuong 06, quan 3, tp ho chi minh",0.7704918032786885,0.14754098360655737,0,0.037037037037037035,0.0,4,1,0
1,"so 6, pho nguyen cong tru, phuong pham dinh ho, quan hai ba trung, ha noi",0.9137931034482759,0.017241379310344827,0,0.024691358024691357,0.0,2,1,0
1,"so 22, ngach 56/139, pho thach cau, to 1, phuong long bien, quan long bien, ha noi",0.7727272727272727,0.12121212121212122,0,0.04938271604938271,0.0,3,1,0
1,"so 270, to dan pho dong ba 3, phuong thuong cat, quan bac tu liem, ha noi",0.8596491228070176,0.07017543859649122,0,0.037037037037037035,0.0,4,1,0
1,"so 19, hem 193/220/67, to 17, duong phu dien, phuong phu dien, quan bac tu liem, ha noi",0.7142857142857143,0.17142857142857143,0,0.06172839506172839,0.0,4,1,0
1,"so 71, to 3, phuong duc thang, quan bac tu liem, ha noi",0.8372093023255814,0.06976744186046512,0,0.037037037037037035,0.0,3,1,0
1,"461 pham van dong, phuong co nhue 1, quan bac tu liem, ha noi",0.8541666666666666,0.08333333333333333,0,0.012345679012345678,0.0,3,0,1
1,"so 1, ngo 43/140 duong co nhue, phuong co nhue 2, quan bac tu liem, ha noi",0.7931034482758621,0.1206896551724138,0,0.037037037037037035,0.0,3,1,0
1,"so 81a mai hac de, phuong bui thi xuan, quan hai ba trung, ha noi",0.9019607843137255,0.0392156862745098,0,0.024691358024691357,0.0,3,1,0
1,"so 4 a10, ngo 235 pho tran quoc hoan, phuong dich vong hau, quan cau giay, ha noi",0.84375,0.09375,0,0.024691358024691357,0.0,4,1,0
1,"thon thuy huong, xa phu cuong, huyen soc son, ha noi",0.9285714285714286,0.0,0,0.024691358024691357,0.0,0,1,0
1,"so 6, hem 211/2, ngo 30, duong ngoc thuy, phuong ngoc thuy, quan long bien, ha noi",0.7878787878787878,0.10606060606060606,0,0.04938271604938271,0.0,4,1,0
1,"so 729, pho bach dang, phuong bach dang, quan hai ba trung, ha noi",0.8679245283018868,0.05660377358490566,0,0.024691358024691357,0.0,4,1,0
1,"so nha 27, ngach 9/2, pho o cach, phuong duc giang, quan long bien, ha noi",0.8305084745762712,0.06779661016949153,0,0.037037037037037035,0.0,3,1,0
1,"so 32, ngach 34/55 pho vinh tuy, to 9, phuong vinh tuy, quan hai ba trung, ha noi",0.796875,0.109375,0,0.04938271604938271,0.0,3,1,0
1,"so 2, ngach 10, ngo 7, pho thai ha, phuong trung liet, quan dong da, ha noi",0.8305084745762712,0.06779661016949153,0,0.037037037037037035,0.0,3,1,0
1,"so 15, ngo 17/2, pho huynh thuc khang, phuong lang ha, quan dong da, ha noi",0.8166666666666667,0.08333333333333333,0,0.024691358024691357,0.0,3,1,0
1,"so 16/2 ngach 66 ngo thong phong, duong ton duc thang, phuong quoc tu giam, quan dong da, ha noi",0.8701298701298701,0.06493506493506493,0,0.04938271604938271,0.0,3,1,0
1,"so nha 50, ngo 119, duong giap bat, phuong giap bat, quan hoang mai, ha noi",0.8333333333333334,0.08333333333333333,0,0.037037037037037035,0.0,4,1,0
1,"tang 4, toa nha ttc so 19 duy tan, phuong dich vong hau, quan cau giay, ha noi",0.8852459016393442,0.04918032786885246,0,0.04938271604938271,0.0,3,1,0
1,"tang 7, toa nha au viet, so 1 duong le duc tho, phuong mai dich, quan cau giay, ha noi",0.8955223880597015,0.029850746268656716,0,0.06172839506172839,0.0,2,1,0
1,"thon ngu cau, xa an thuong, huyen hoai duc, ha noi",0.925,0.0,0,0.024691358024691357,0.0,0,1,0
1,"thon ngoc lau, xa dai dong, huyen thach that, ha noi",0.9285714285714286,0.0,0,0.037037037037037035,0.0,0,1,0
1,"so 210, to 11c duong kim nguu, phuong thanh luong, quan hai ba trung, ha noi",0.8524590163934426,0.08196721311475409,0,0.04938271604938271,0.0,4,1,0
1,"so 1 ngo 1137 de la thanh, phuong ngoc khanh, quan ba dinh, ha noi",0.8461538461538461,0.09615384615384616,0,0.024691358024691357,0.0,5,1,0
1,"so nha 1, ngach 173/84 duong hoang hoa tham, phuong ngoc ha, quan ba dinh, ha noi",0.8307692307692308,0.09230769230769231,0,0.04938271604938271,0.0,4,1,0
1,"so nha 34 to 6, duong vu xuan thieu keo dai, phuong phuc loi, quan long bien, ha noi",0.8939393939393939,0.045454545454545456,0,0.04938271604938271,0.0,3,1,0
1,"so 135, duong chinh kinh, phuong nhan chinh, quan thanh xuan, ha noi",0.875,0.05357142857142857,0,0.037037037037037035,0.0,4,1,0
1,"tang 2, so 25 mai hac de, phuong bui thi xuan, quan hai ba trung, ha noi",0.875,0.05357142857142857,0,0.037037037037037035,0.0,3,1,0
1,"so 79, ngo 10, duong ba trieu, phuong nguyen trai, quan ha dong, ha noi",0.8421052631578947,0.07017543859649122,0,0.037037037037037035,0.0,3,1,0
1,"so 52 tran dang ninh, phuong dich vong, quan cau giay, ha noi",0.8979591836734694,0.04081632653061224,0,0.024691358024691357,0.0,3,1,0
1,"so nha 30 bt3 duong doi nguyen khuyen, phuong phuc la, quan ha dong, ha noi",0.9,0.05,0,0.037037037037037035,0.0,3,1,0
1,"so nha 65, to dan pho 9, phuong mo lao, quan ha dong, ha noi",0.8478260869565217,0.06521739130434782,0,0.037037037037037035,0.0,3,1,0
1,"khu vuc 2 thon xuan thang, xa cat que, huyen hoai duc, ha noi",0.9166666666666666,0.020833333333333332,0,0.037037037037037035,0.0,2,1,0
1,"so 403, pho khanh minh, phuong ninh khanh, thanh pho ninh binh, ninh binh",0.8833333333333333,0.05,0,0.024691358024691357,0.0,4,1,0
1,"thong thong 2, xa khanh cu, huyen yen khanh, ninh binh",0.9090909090909091,0.022727272727272728,0,0.012345679012345678,0.0,2,1,0
1,"lo m3, kcn minh hung - han quoc, ap 3a, xa minh hung, huyen chon thanh, binh phuoc",0.8769230769230769,0.03076923076923077,0,0.04938271604938271,0.0,2,1,0
1,"khu cong nghiep det may pho noi, xa di su, huyen my hao, hung yen",0.9411764705882353,0.0,0,0.024691358024691357,0.0,0,1,0
1,"thon dinh du, xa dinh du, huyen van lam, hung yen",0.9230769230769231,0.0,0,0.024691358024691357,0.0,0,1,0
1,"ap tram lac, xa my hanh bac, huyen duc hoa, long an",0.925,0.0,0,0.024691358024691357,0.0,0,1,0
1,"lo 28, khu d5 van don, phuong nai hien dong, quan son tra, da nang",0.8653846153846154,0.057692307692307696,0,0.037037037037037035,0.0,3,1,0
1,"k4/10 nguyen cong tru, to 9, phuong an hai tay, quan son tra, da nang",0.8363636363636363,0.07272727272727272,0,0.024691358024691357,0.0,2,1,0
1,"136/3 hai phong, phuong thach thang, quan hai chau, da nang",0.8367346938775511,0.08163265306122448,0,0.012345679012345678,0.0,3,0,1
1,"xom 9, xa xuan dai, huyen xuan truong, nam dinh",0.8947368421052632,0.02631578947368421,0,0.012345679012345678,0.0,2,1,0
1,"so 45b, duong nguyen phi khanh, phuong hai tan, thanh pho hai duong, hai duong",0.90625,0.03125,0,0.037037037037037035,0.0,3,1,0
1,"so 10, nguyen quy tan, phuong pham ngu lao, thanh pho hai duong, hai duong",0.9,0.03333333333333333,0,0.037037037037037035,0.0,3,1,0
1,"92c duong tran van muoi, ap 3, xa xuan thoi son, huyen hoc mon, tp ho chi minh",0.8852459016393442,0.04918032786885246,0,0.04938271604938271,0.0,2,0,1
1,"27/27 nguyen van sang, phuong tan son nhi, quan tan phu, tp ho chi minh",0.8596491228070176,0.07017543859649122,0,0.024691358024691357,0.0,2,0,1
1,"63/13a duong 9, to 6, khu pho 3, phuong truong tho, quan thu duc, tp ho chi minh",0.7936507936507936,0.1111111111111111,0,0.06172839506172839,0.0,2,0,1
1,"tang ham, so 19 dong du, phuong ben nghe, quan 1, tp ho chi minh",0.86,0.06,0,0.04938271604938271,0.0,3,1,0
1,"41/2 duong 41, phuong 16, quan 8, tp ho chi minh",0.6842105263157895,0.21052631578947367,0,0.037037037037037035,0.0,3,0,1
1,"1/26e ap tien lan, xa ba diem, huyen hoc mon, tp ho chi minh",0.851063829787234,0.06382978723404255,0,0.037037037037037035,0.0,2,0,1
1,"68 hoang dieu, phuong 12, quan 4, tp ho chi minh",0.7894736842105263,0.13157894736842105,0,0.024691358024691357,0.0,3,0,1
1,"649/46/8 duong dien bien phu, phuong 25, quan binh thanh, tp ho chi minh",0.7796610169491526,0.13559322033898305,0,0.037037037037037035,0.0,3,0,1
1,"179 ly chinh thang, phuong 07, quan 3, tp ho chi minh",0.7857142857142857,0.14285714285714285,0,0.024691358024691357,0.0,3,0,1
1,"81/10 phung van cung, phuong 02, quan phu nhuan, tp ho chi minh",0.803921568627451,0.11764705882352941,0,0.024691358024691357,0.0,3,0,1
1,"53/27/1 tran khanh du, phuong tan dinh, quan 1, tp ho chi minh",0.78,0.12,0,0.024691358024691357,0.0,2,0,1
1,"15a nguyen trung truc, phuong 5, quan binh thanh, tp ho chi minh",0.8846153846153846,0.057692307692307696,0,0.024691358024691357,0.0,2,0,1
1,"tang 2, toa nha ngoc dong duong, 76 cach mang thang 8, phuong 06, quan 3, tp ho chi minh",0.8260869565217391,0.10144927536231885,0,0.06172839506172839,0.0,3,1,0
1,"685/93 xo viet nghe tinh, phuong 26, quan binh thanh, tp ho chi minh",0.8,0.12727272727272726,0,0.024691358024691357,0.0,3,0,1
1,"161b ly chinh thang, phuong 07, quan 3, tp ho chi minh",0.7906976744186046,0.13953488372093023,0,0.024691358024691357,0.0,3,0,1
1,"74/30 bui quang la, phuong 12, quan go vap, tp ho chi minh",0.782608695652174,0.13043478260869565,0,0.024691358024691357,0.0,3,0,1
1,"56 cu lao, phuong 02, quan phu nhuan, tp ho chi minh",0.8292682926829268,0.0975609756097561,0,0.024691358024691357,0.0,3,0,1
1,"120 ly chieu hoang, phuong 10, quan 6, tp ho chi minh",0.7857142857142857,0.14285714285714285,0,0.024691358024691357,0.0,3,0,1
1,"538/122/11 doan van bo, phuong 14, quan 4, tp ho chi minh",0.6521739130434783,0.2391304347826087,0,0.024691358024691357,0.0,3,0,1
1,"so 248-250 nguyen dinh chieu, phuong 06, quan 3, tp ho chi minh",0.7450980392156863,0.17647058823529413,0,0.037037037037037035,0.0,4,1,0
1,"so 18 le vinh hoa, phuong phu tho hoa, quan tan phu, tp ho chi minh",0.9038461538461539,0.038461538461538464,0,0.037037037037037035,0.0,3,1,0
1,"49f doi cung, phuong 11, quan 11, tp ho chi minh",0.7631578947368421,0.15789473684210525,0,0.024691358024691357,0.0,3,0,1
1,"12/17 dao duy anh, phuong 09, quan phu nhuan, tp ho chi minh",0.7916666666666666,0.125,0,0.024691358024691357,0.0,3,0,1
1,"891/42 nguyen kiem, phuong 3, quan go vap, tp ho chi minh",0.782608695652174,0.13043478260869565,0,0.024691358024691357,0.0,3,0,1
1,"so 132m/2 khu pho 1, duong ha chuong, phuong trung my tay, quan 12, tp ho chi minh",0.8153846153846154,0.1076923076923077,0,0.06172839506172839,0.0,4,1,0
1,"so 18 duong an phu, phuong an phu dong, quan 12, tp ho chi minh",0.8571428571428571,0.08163265306122448,0,0.04938271604938271,0.0,3,1,0
1,"1648 vo van kiet, phuong 16, quan 8, tp ho chi minh",0.75,0.175,0,0.024691358024691357,0.0,4,0,1
1,"18 cong hoa, phuong 4, quan tan binh, tp ho chi minh",0.8536585365853658,0.07317073170731707,0,0.024691358024691357,0.0,2,0,1
1,"459 cong hoa, phuong 15, quan tan binh, tp ho chi minh",0.813953488372093,0.11627906976744186,0,0.024691358024691357,0.0,3,0,1
1,"74 le trung nghia, phuong 12, quan tan binh, tp ho chi minh",0.851063829787234,0.0851063829787234,0,0.024691358024691357,0.0,3,0,1
1,"35 nguyen van dau, phuong 6, quan binh thanh, tp ho chi minh",0.875,0.0625,0,0.024691358024691357,0.0,2,0,1
1,"so 52 - c9 duong so 11, phuong 02, quan phu nhuan, tp ho chi minh",0.78,0.14,0,0.037037037037037035,0.0,3,1,0
1,"so 135 nguyen van trang, phuong ben thanh, quan 1, tp ho chi minh",0.8653846153846154,0.07692307692307693,0,0.037037037037037035,0.0,4,1,0
1,"225d tran quang khai, phuong tan dinh, quan 1, tp ho chi minh",0.8571428571428571,0.08163265306122448,0,0.024691358024691357,0.0,3,0,1
1,"lau 3, smart building, 793/49/1 tran xuan soan, phuong tan hung, quan 7, tp ho chi minh",0.7887323943661971,0.11267605633802817,0,0.037037037037037035,0.0,4,1,0
1,"37/11 duong so 2, khu pho 7, phuong truong tho, quan thu duc, tp ho chi minh",0.8166666666666667,0.1,0,0.04938271604938271,0.0,2,0,1
1,"602/28e dien bien phu, phuong 22, quan binh thanh, tp ho chi minh",0.7924528301886793,0.1320754716981132,0,0.024691358024691357,0.0,3,0,1
1,"so 104/3 duong 49, khu pho 7, phuong hiep binh chanh, quan thu duc, tp ho chi minh",0.8153846153846154,0.1076923076923077,0,0.06172839506172839,0.0,4,1,0
1,"so 3, duong cay cam, khu pho 11, phuong binh hung hoa b, quan binh tan, tp ho chi minh",0.8805970149253731,0.04477611940298507,0,0.06172839506172839,0.0,3,1,0
1,"43/6 hoang dieu, phuong 12, quan 4, tp ho chi minh",0.75,0.15,0,0.024691358024691357,0.0,3,0,1
1,"f11/13t3, to 21, ap 6, xa vinh loc a, huyen binh chanh, tp ho chi minh",0.7454545454545455,0.14545454545454545,0,0.04938271604938271,0.0,3,1,0
1,"so 88-88a duong d2, phuong 25, quan binh thanh, tp ho chi minh",0.78,0.14,0,0.04938271604938271,0.0,3,1,0
1,"492/3 nguyen thi minh khai, phuong 02, quan 3, tp ho chi minh",0.7755102040816326,0.14285714285714285,0,0.024691358024691357,0.0,3,0,1
1,"242 ten lua, phuong binh tri dong b, quan binh tan, tp ho chi minh",0.8846153846153846,0.057692307692307696,0,0.024691358024691357,0.0,3,0,1
1,"120 duong so 40, phuong tan phong, quan 7, tp ho chi minh",0.8,0.13333333333333333,0,0.037037037037037035,0.0,3,0,1
1,"11a kp hung gia 3, duong phan khiem ich, phuong tan phong, quan 7, tp ho chi minh",0.875,0.0625,0,0.04938271604938271,0.0,2,0,1
1,"03 phan dinh phung, phuong tan thanh, quan tan phu, tp ho chi minh",0.9056603773584906,0.03773584905660377,0,0.024691358024691357,0.0,2,0,1
1,"3/26 ap 3, quoc lo 1a, xa tan quy tay, huyen binh chanh, tp ho chi minh",0.8181818181818182,0.09090909090909091,0,0.04938271604938271,0.0,2,0,1
1,"563 phan van tri, phuong 5, quan go vap, tp ho chi minh",0.8372093023255814,0.09302325581395349,0,0.024691358024691357,0.0,3,0,1
1,"540/7 cach mang thang tam, phuong 11, quan 3, tp ho chi minh",0.7708333333333334,0.14583333333333334,0,0.024691358024691357,0.0,3,0,1
1,"2/79 phan thuc duyet, phuong 4, quan tan binh, tp ho chi minh",0.8367346938775511,0.08163265306122448,0,0.024691358024691357,0.0,2,0,1
1,"302 le van sy, phuong 1, quan tan binh, tp ho chi minh",0.8333333333333334,0.09523809523809523,0,0.024691358024691357,0.0,3,0,1
1,"112 ly chinh thang, phuong 08, quan 3, tp ho chi minh",0.7857142857142857,0.14285714285714285,0,0.024691358024691357,0.0,3,0,1
1,"119 tran huu trang, phuong 10, quan phu nhuan, tp ho chi minh",0.8367346938775511,0.10204081632653061,0,0.024691358024691357,0.0,3,0,1
1,"227/71 pham dang giang, khu pho 5, phuong binh hung hoa, quan binh tan, tp ho chi minh",0.8405797101449275,0.08695652173913043,0,0.037037037037037035,0.0,3,0,1
1,"1135/20b huynh tan phat, kp3, phuong phu thuan, quan 7, tp ho chi minh",0.7719298245614035,0.14035087719298245,0,0.037037037037037035,0.0,4,0,1
1,"71 duong gia phu, phuong 13, quan 5, tp ho chi minh",0.8,0.125,0,0.037037037037037035,0.0,3,0,1
1,"22/6 duong nguyen van sang, phuong tan son nhi, quan tan phu, tp ho chi minh",0.8852459016393442,0.04918032786885246,0,0.037037037037037035,0.0,2,0,1
1,"71 duong 16 cu xa lu gia, phuong 15, quan 11, tp ho chi minh",0.7608695652173914,0.17391304347826086,0,0.037037037037037035,0.0,3,0,1
1,"a20/1a quoc lo 50, xa binh hung, huyen binh chanh, tp ho chi minh",0.8269230769230769,0.09615384615384616,0,0.037037037037037035,0.0,3,1,0
1,"so 02 duong truong quoc dung, phuong 08, quan phu nhuan, tp ho chi minh",0.8771929824561403,0.07017543859649122,0,0.04938271604938271,0.0,3,1,0
1,"94 hung vuong, phuong 01, quan 10, tp ho chi minh",0.7692307692307693,0.15384615384615385,0,0.024691358024691357,0.0,3,0,1
1,"6d4 cu xa 304 dien bien phu, phuong 25, quan binh thanh, tp ho chi minh",0.8214285714285714,0.125,0,0.024691358024691357,0.0,4,0,1
1,"lo l2, khu cong nghiep trang due, xa hong phong, huyen an duong, hai phong",0.9166666666666666,0.016666666666666666,0,0.04938271604938271,0.0,1,1,0
1,"so 8/282 da nang, phuong van my, quan ngo quyen, hai phong",0.8297872340425532,0.0851063829787234,0,0.024691358024691357,0.0,3,1,0
1,"so 10, ngo 143 duong kim ma, phuong kim ma, quan ba dinh, ha noi",0.82,0.1,0,0.037037037037037035,0.0,4,1,0
1,"so 90 ngo 147 trieu khuc, xa tan trieu, huyen thanh tri, ha noi",0.84,0.1,0,0.024691358024691357,0.0,4,1,0
1,"cum 1, thon quynh do, xa vinh quynh, huyen thanh tri, ha noi",0.8958333333333334,0.020833333333333332,0,0.024691358024691357,0.0,2,1,0
1,"doi 2, thon dai lan, xa duyen ha, huyen thanh tri, ha noi",0.8888888888888888,0.022222222222222223,0,0.024691358024691357,0.0,2,1,0
1,"doi 4, xa dai dong, huyen thach that, ha noi",0.8857142857142857,0.02857142857142857,0,0.012345679012345678,0.0,2,1,0
1,"thon dong dau, xa tien xuan, huyen thach that, ha noi",0.9302325581395349,0.0,0,0.024691358024691357,0.0,0,1,0
1,"so nha 171b quan nhan, phuong nhan chinh, quan thanh xuan, ha noi",0.8867924528301887,0.05660377358490566,0,0.024691358024691357,0.0,4,1,0
1,"so 2, ngo 124 duong khuong trung, phuong khuong trung, quan thanh xuan, ha noi",0.875,0.0625,0,0.037037037037037035,0.0,4,1,0
1,"so 1, ngach 64/57 duong vu trong phung, phuong thanh xuan trung, quan thanh xuan, ha noi",0.8611111111111112,0.06944444444444445,0,0.04938271604938271,0.0,3,1,0
1,"so 40b duong nguyen thi dinh, phuong nhan chinh, quan thanh xuan, ha noi",0.9152542372881356,0.03389830508474576,0,0.037037037037037035,0.0,3,1,0
1,"so 6, ngo 190, duong hoang hoa tham, phuong thuy khue, quan tay ho, ha noi",0.847457627118644,0.06779661016949153,0,0.037037037037037035,0.0,4,1,0
1,"thon 3, xa van phuc, xa van phuc, huyen thanh tri, ha noi",0.8888888888888888,0.022222222222222223,0,0.024691358024691357,0.0,2,1,0
1,"so 4, ngach 37, ngo 373 duong ngoc hoi, thi tran van dien, huyen thanh tri, ha noi",0.8307692307692308,0.09230769230769231,0,0.06172839506172839,0.0,4,1,0
1,"239/14 duong bach dang, phuong 15, quan binh thanh, tp ho chi minh",0.7962962962962963,0.12962962962962962,0,0.037037037037037035,0.0,3,0,1
1,"1648blockc.coo.01 carina plaza duong vo van kiet, phuong 16, quan 8, tp ho chi minh",0.7971014492753623,0.13043478260869565,0,0.037037037037037035,0.0,4,0,1
1,"48 duong 81, phuong tan quy, quan 7, tp ho chi minh",0.8,0.125,0,0.037037037037037035,0.0,3,0,1
1,"35 duong so 40, phuong tan quy, quan 7, tp ho chi minh",0.8095238095238095,0.11904761904761904,0,0.037037037037037035,0.0,3,0,1
1,"82/14/6 nguyen xi, phuong 26, quan binh thanh, tp ho chi minh",0.76,0.14,0,0.024691358024691357,0.0,3,0,1
1,"98 duong so 2, phuong 13, quan 6, tp ho chi minh",0.7567567567567568,0.16216216216216217,0,0.037037037037037035,0.0,3,0,1
1,"381 le van sy, phuong 2, quan tan binh, tp ho chi minh",0.8333333333333334,0.09523809523809523,0,0.024691358024691357,0.0,3,0,1
1,"41/34 go cat, phuong phu huu, quan 9, tp ho chi minh",0.7804878048780488,0.12195121951219512,0,0.024691358024691357,0.0,2,0,1
1,"160a duong man thien, khu pho 5, phuong tang nhon phu a, quan 9, tp ho chi minh",0.8548387096774194,0.08064516129032258,0,0.06172839506172839,0.0,3,0,1
1,"512 le duc tho, phuong 17, quan go vap, tp ho chi minh",0.8095238095238095,0.11904761904761904,0,0.024691358024691357,0.0,3,0,1
1,"134 pham ngu lao, phuong 7, quan go vap, tp ho chi minh",0.8372093023255814,0.09302325581395349,0,0.024691358024691357,0.0,3,0,1
1,"15 duong 6a, khu pho 3, phuong phuoc binh, quan 9, tp ho chi minh",0.8235294117647058,0.09803921568627451,0,0.04938271604938271,0.0,2,0,1
1,"so 2 le dai hanh, phuong 15, quan 11, tp ho chi minh",0.8,0.125,0,0.037037037037037035,0.0,3,1,0
1,"so nha 123, duong tue tinh, khu 4, thi tran thanh mien, huyen thanh mien, hai duong",0.8656716417910447,0.05970149253731343,0,0.06172839506172839,0.0,4,1,0
1,"to dan pho truong tho dong, phuong truong quang trong, thanh pho quang ngai, quang ngai",0.9583333333333334,0.0,0,0.024691358024691357,0.0,0,1,0
1,"lo b11 duong truong chinh, phuong chanh lo, thanh pho quang ngai, quang ngai",0.9206349206349206,0.031746031746031744,0,0.037037037037037035,0.0,2,1,0
1,"thon tuyet diem 3, xa binh thuan, huyen binh son, quang ngai",0.9183673469387755,0.02040816326530612,0,0.024691358024691357,0.0,2,1,0
1,"so nha 1069, duong phan dinh phung, to 6, phuong quyet thang, thanh pho kon tum, kon tum",0.8591549295774648,0.07042253521126761,0,0.04938271604938271,0.0,5,1,0
1,"cx-1-cn, duong na7, khu cong nghiep my phuoc 3, phuong chanh phu hoa, thi xa ben cat, binh duong",0.8717948717948718,0.038461538461538464,0,0.037037037037037035,0.0,2,1,0
1,"so 29a/23, khu pho binh minh 2, phuong di an, tx di an, binh duong",0.8076923076923077,0.09615384615384616,0,0.04938271604938271,0.0,3,1,0
1,"khu pho binh khanh, phuong khanh binh, thi xa tan uyen, binh duong",0.9444444444444444,0.0,0,0.037037037037037035,0.0,0,1,0
1,"so 92/8, duong cay da, khu pho tan phu 2, phuong tan binh, tx di an, binh duong",0.8387096774193549,0.06451612903225806,0,0.04938271604938271,0.0,3,1,0
1,"so 25/2b, kp 3, phuong quang vinh, thanh pho bien hoa, dong nai",0.8235294117647058,0.0784313725490196,0,0.037037037037037035,0.0,3,1,0
1,"so 36/5, to 10a, kp 4, phuong trang dai, thanh pho bien hoa, dong nai",0.7818181818181819,0.10909090909090909,0,0.04938271604938271,0.0,3,1,0
1,"to 6, ap phu my 2, xa phu hoi, huyen nhon trach, dong nai",0.8636363636363636,0.045454545454545456,0,0.037037037037037035,0.0,2,1,0
1,"khu dan toc stieng, ap 3, xa tan hiep, huyen long thanh, dong nai",0.9038461538461539,0.019230769230769232,0,0.037037037037037035,0.0,2,1,0
1,"so 19 vsip ii-a, duong so 28, khu cong nghiep viet nam - sin, xa vinh tan, thi xa tan uyen, binh duong",0.8625,0.05,0,0.037037037037037035,0.0,3,1,0
1,"so 17 vsip ii-a, duong so 29, khu cong nghiep vietnam - sing, xa vinh tan, thi xa tan uyen, binh duong",0.8641975308641975,0.04938271604938271,0,0.037037037037037035,0.0,3,1,0
1,"so 67/15b, khu pho binh phuoc b, phuong binh chuan, tx thuan an, binh duong",0.8524590163934426,0.06557377049180328,0,0.04938271604938271,0.0,3,1,0
1,"97c duong phuoc thang, phuong 12, thanh pho vung tau, ba ria - vung tau",0.8596491228070176,0.07017543859649122,0,0.024691358024691357,0.0,3,0,1
1,"190 b10 le hong phong, to 6, khu pho 6, thi tran ngai giao, huyen chau duc, ba ria - vung tau",0.8194444444444444,0.09722222222222222,0,0.04938271604938271,0.0,3,0,1
1,"to 2, ap phuoc lap, xa my xuan, huyen tan thanh, ba ria - vung tau",0.8823529411764706,0.0196078431372549,0,0.037037037037037035,0.0,2,1,0
1,"ap tan thanh, xa quang thanh, huyen chau duc, ba ria - vung tau",0.92,0.0,0,0.024691358024691357,0.0,0,1,0
1,"06b le qang dinh, phuong 9, thanh pho vung tau, ba ria - vung tau",0.8627450980392157,0.058823529411764705,0,0.012345679012345678,0.0,2,0,1
1,"to 14, ap ong trinh, xa tan phuoc, huyen tan thanh, ba ria - vung tau",0.8703703703703703,0.037037037037037035,0,0.037037037037037035,0.0,3,1,0
1,"so 290/11 nguyen huu canh, phuong thang nhat, thanh pho vung tau, ba ria - vung tau",0.8507462686567164,0.07462686567164178,0,0.024691358024691357,0.0,4,1,0
1,"tai nha ong nguyen tien dung, xom nam son, xa cuong gian, huyen nghi xuan, ha tinh",0.9393939393939394,0.0,0,0.012345679012345678,0.0,0,1,0
1,"thon duy loc, xa quang tung, huyen quang trach, quang binh",0.9375,0.0,0,0.024691358024691357,0.0,0,1,0
1,"to dan pho 2, phuong nam ly, thanh pho dong hoi, quang binh",0.9148936170212766,0.02127659574468085,0,0.024691358024691357,0.0,2,1,0
1,"so 61 thanh nien, phuong hai dinh, thanh pho dong hoi, quang binh",0.9056603773584906,0.03773584905660377,0,0.024691358024691357,0.0,3,1,0
1,"doi 2 -xuan hoi, xa lien thuy, huyen le thuy, quang binh",0.8888888888888888,0.022222222222222223,0,0.012345679012345678,0.0,2,1,0
1,"396 ly thai to, phuong dong son, thanh pho dong hoi, quang binh",0.8823529411764706,0.058823529411764705,0,0.024691358024691357,0.0,3,0,1
1,"khom vinh quang, thi tran ho xa, huyen vinh linh, quang tri",0.9375,0.0,0,0.037037037037037035,0.0,0,1,0
1,"(nr quach dang huy) thon tam tao, xa phu lam, huyen tien du, bac ninh",0.9090909090909091,0.0,0,0.024691358024691357,0.0,0,0,0
1,"toa nha ct1 so 1308 chung cu cat tuong, duong le thai to, phuong vo cuong, thanh pho bac ninh, bac ninh",0.8902439024390244,0.06097560975609756,0,0.06172839506172839,0.0,5,1,0
1,"xom 9, xa dong minh, huyen dong son, thanh hoa",0.8918918918918919,0.02702702702702703,0,0.012345679012345678,0.0,2,1,0
1,"duong le thanh tong, thon 5, xa quang trung, thi xa bim son, thanh hoa",0.9107142857142857,0.017857142857142856,0,0.037037037037037035,0.0,2,1,0
1,"so 36/5, nguyen thuong hien, phuong truong thi, thanh pho thanh hoa, thanh hoa",0.8769230769230769,0.046153846153846156,0,0.024691358024691357,0.0,3,1,0
1,"(tai nha ong dang thanh huyen), to dan pho hung loi, phuong song tri, thi xa ky anh, ha tinh",0.9178082191780822,0.0,0,0.037037037037037035,0.0,0,0,0
1,"13/8, tam vu, phuong xuan khanh, quan ninh kieu, can tho",0.8260869565217391,0.06521739130434782,0,0.012345679012345678,0.0,2,0,1
1,"ap 4, xa thoi binh, huyen thoi binh, ca mau",0.8823529411764706,0.029411764705882353,0,0.024691358024691357,0.0,2,1,0
1,"so 49-c3, bao son, xa ly van lam, thanh pho ca mau, ca mau",0.8222222222222222,0.06666666666666667,0,0.024691358024691357,0.0,3,1,0
1,"so 31 tinh lo 8, ap giong chua, thi tran tran de, huyen tran de, soc trang",0.8793103448275862,0.05172413793103448,0,0.06172839506172839,0.0,3,1,0
1,"so 225 nguyen trung truc, phuong 2, thanh pho soc trang, soc trang",0.8703703703703703,0.07407407407407407,0,0.024691358024691357,0.0,4,1,0
1,"121, vo van kiet, phuong an hoa, quan ninh kieu, can tho",0.8444444444444444,0.06666666666666667,0,0.012345679012345678,0.0,3,0,1
1,"thon doan khe, xa lac dao, huyen van lam, hung yen",0.925,0.0,0,0.024691358024691357,0.0,0,1,0
1,"thon dong que, xa me so, huyen van giang, hung yen",0.925,0.0,0,0.037037037037037035,0.0,0,1,0
1,"thon yen lich, xa dan tien, huyen khoai chau, hung yen",0.9318181818181818,0.0,0,0.024691358024691357,0.0,0,1,0
1,"thon minh khai, thi tran nhu quynh, huyen van lam, hung yen",0.9375,0.0,0,0.037037037037037035,0.0,0,1,0
1,"pho moi, xa di su, huyen my hao, hung yen",0.90625,0.0,0,0.012345679012345678,0.0,0,1,0
1,"85/14, tran vinh kiet, khu vuc 1, phuong an binh, quan ninh kieu, can tho",0.8135593220338984,0.0847457627118644,0,0.024691358024691357,0.0,2,0,1
1,"doi 1, thon thuy tra, xa nam trung, huyen nam sach, hai duong",0.8979591836734694,0.02040816326530612,0,0.037037037037037035,0.0,2,1,0
1,"so 26, pho bac kinh, phuong tran hung dao, thanh pho hai duong, hai duong",0.8983050847457628,0.03389830508474576,0,0.037037037037037035,0.0,3,1,0
1,"so 143 pho bach dang, phuong tran phu, thanh pho hai duong, hai duong",0.8928571428571429,0.05357142857142857,0,0.037037037037037035,0.0,4,1,0
1,"so nha 172, duong ngo quyen, phuong thanh binh, thanh pho hai duong, hai duong",0.890625,0.046875,0,0.037037037037037035,0.0,4,1,0
1,"doi 15, thon van tue, xa tan viet, huyen thanh ha, hai duong",0.875,0.041666666666666664,0,0.037037037037037035,0.0,3,1,0
1,"so 16/95 do ngoc du, phuong tan binh, thanh pho hai duong, hai duong",0.8545454545454545,0.07272727272727272,0,0.037037037037037035,0.0,3,1,0
1,"826 le van hien, phuong hoa hai, quan ngu hanh son, da nang",0.8723404255319149,0.06382978723404255,0,0.012345679012345678,0.0,3,0,1
1,"02 nguyen van troi, phuong hoa thuan dong, quan hai chau, da nang",0.9056603773584906,0.03773584905660377,0,0.012345679012345678,0.0,2,0,1
1,"98 ngo thi nham, phuong hoa minh, quan lien chieu, da nang",0.8936170212765957,0.0425531914893617,0,0.012345679012345678,0.0,2,0,1
1,"21 luu nhan chu, phuong khue trung, quan cam le, da nang",0.8888888888888888,0.044444444444444446,0,0.012345679012345678,0.0,2,0,1
1,"lo 23 duong truong cong hy, to 108, phuong khue my, quan ngu hanh son, da nang",0.8548387096774194,0.08064516129032258,0,0.04938271604938271,0.0,4,1,0
1,"96 vu quynh, phuong thanh khe tay, quan thanh khe, da nang",0.8936170212765957,0.0425531914893617,0,0.012345679012345678,0.0,2,0,1
1,"32 lo giang 9, phuong hoa xuan, quan cam le, da nang",0.8536585365853658,0.07317073170731707,0,0.024691358024691357,0.0,2,0,1
1,"so 10 luong huu khanh, phuong pham ngu lao, quan 1, tp ho chi minh",0.8846153846153846,0.057692307692307696,0,0.037037037037037035,0.0,3,1,0
1,"41a ba vi, phuong 4, quan tan binh, tp ho chi minh",0.8461538461538461,0.07692307692307693,0,0.024691358024691357,0.0,2,0,1
1,"26/6/4 nguyen van dung, phuong 6, quan go vap, tp ho chi minh",0.7959183673469388,0.10204081632653061,0,0.024691358024691357,0.0,2,0,1
1,"k408 h43/11 hoang dieu, phuong binh thuan, quan hai chau, da nang",0.7962962962962963,0.12962962962962962,0,0.012345679012345678,0.0,3,1,0
1,"60 dam rong 2, phuong thanh binh, quan hai chau, da nang",0.8666666666666667,0.06666666666666667,0,0.012345679012345678,0.0,2,0,1
1,"358 ngo quyen, phuong man thai, quan son tra, da nang",0.8604651162790697,0.06976744186046512,0,0.012345679012345678,0.0,3,0,1
1,"k130/9 ong ich duong, phuong hoa tho dong, quan cam le, da nang",0.8431372549019608,0.0784313725490196,0,0.024691358024691357,0.0,3,1,0
1,"76/12/17a duong cat loi, thi tran nha be, huyen nha be, tp ho chi minh",0.8035714285714286,0.10714285714285714,0,0.04938271604938271,0.0,2,0,1
1,"so nha 366/31 go dau, phuong tan quy, quan tan phu, tp ho chi minh",0.8269230769230769,0.09615384615384616,0,0.037037037037037035,0.0,4,1,0
1,"91/80a duong lien khu 10-11, khu pho 11, phuong binh tri dong, quan binh tan, tp ho chi minh",0.7837837837837838,0.13513513513513514,0,0.04938271604938271,0.0,3,0,1
1,"38/15 duong 50, phuong 14, quan go vap, tp ho chi minh",0.7209302325581395,0.18604651162790697,0,0.037037037037037035,0.0,3,0,1
1,"b8b/16 vo van ngan, xa vinh loc b, huyen binh chanh, tp ho chi minh",0.8679245283018868,0.05660377358490566,0,0.024691358024691357,0.0,2,1,0
1,"22 chu thien, phuong hiep tan, quan tan phu, tp ho chi minh",0.8936170212765957,0.0425531914893617,0,0.024691358024691357,0.0,2,0,1
1,"234c to hieu, phuong hiep tan, quan tan phu, tp ho chi minh",0.8723404255319149,0.06382978723404255,0,0.037037037037037035,0.0,3,0,1
1,"phong 402, toa nha gt, so 403 nguyen thai binh, phuong 12, quan tan binh, tp ho chi minh",0.8142857142857143,0.11428571428571428,0,0.04938271604938271,0.0,4,1,0
1,"134/97b ly chinh thang, phuong 07, quan 3, tp ho chi minh",0.7391304347826086,0.17391304347826086,0,0.024691358024691357,0.0,3,0,1
1,"2c1 le hong phong, phuong 02, quan 5, tp ho chi minh",0.8048780487804879,0.12195121951219512,0,0.024691358024691357,0.0,3,0,1
1,"3 duong 14, phuong tang nhon phu b, quan 9, tp ho chi minh",0.8444444444444444,0.08888888888888889,0,0.04938271604938271,0.0,3,0,1
1,"451/10/1 pham the hien, phuong 3, quan 8, tp ho chi minh",0.7111111111111111,0.17777777777777778,0,0.024691358024691357,0.0,3,0,1
1,"109/f7 ben van don, phuong 09, quan 4, tp ho chi minh",0.7380952380952381,0.16666666666666666,0,0.024691358024691357,0.0,3,0,1
1,"48 nguyen phi khanh, phuong tan dinh, quan 1, tp ho chi minh",0.875,0.0625,0,0.024691358024691357,0.0,2,0,1
1,"778/61 thong nhat, phuong 15, quan go vap, tp ho chi minh",0.7608695652173914,0.15217391304347827,0,0.024691358024691357,0.0,3,0,1
1,"72 hoang quoc viet, phuong phu my, quan 7, tp ho chi minh",0.8666666666666667,0.06666666666666667,0,0.024691358024691357,0.0,2,0,1
1,"46/6 tran dinh xu, phuong co giang, quan 1, tp ho chi minh",0.8260869565217391,0.08695652173913043,0,0.024691358024691357,0.0,2,0,1
1,"98 cong hoa, phuong 4, quan tan binh, tp ho chi minh",0.8536585365853658,0.07317073170731707,0,0.024691358024691357,0.0,2,0,1
1,"506/6 lac long quan, phuong 5, quan 11, tp ho chi minh",0.7441860465116279,0.16279069767441862,0,0.024691358024691357,0.0,3,0,1
1,"so 28a nguyen thi thap, phuong binh thuan, quan 7, tp ho chi minh",0.8846153846153846,0.057692307692307696,0,0.037037037037037035,0.0,3,1,0
1,"57 duong so 6, khu dan cu phuoc kien, to 6, ap 5, xa phuoc kien, huyen nha be, tp ho chi minh",0.8450704225352113,0.07042253521126761,0,0.07407407407407407,0.0,2,0,1
1,"99/3 nguyen huu dat, phuong tay thanh, quan tan phu, tp ho chi minh",0.8703703703703703,0.05555555555555555,0,0.024691358024691357,0.0,2,0,1
1,"can ho thuong mai so b 01-05, block b, tang 1, can ho thuong, phuong thao dien, quan 2, tp ho chi minh",0.8375,0.075,0,0.04938271604938271,0.0,3,1,0
1,"so 385/11 nguyen cong tru, phuong cau ong lanh, quan 1, tp ho chi minh",0.8214285714285714,0.10714285714285714,0,0.037037037037037035,0.0,4,1,0
1,"1200 quang trung, phuong 8, quan go vap, tp ho chi minh",0.8181818181818182,0.11363636363636363,0,0.024691358024691357,0.0,4,0,1
1,"228b bach dang, phuong 24, quan binh thanh, tp ho chi minh",0.8297872340425532,0.10638297872340426,0,0.024691358024691357,0.0,3,0,1
1,"76/54/12 le van phan, phuong phu tho hoa, quan tan phu, tp ho chi minh",0.8035714285714286,0.10714285714285714,0,0.024691358024691357,0.0,2,0,1
1,"1181/3d quoc lo 1a, to 46, khu pho 3, phuong an phu dong, quan 12, tp ho chi minh",0.7301587301587301,0.1746031746031746,0,0.06172839506172839,0.0,4,0,1
1,"unit x-4.10, lau 4, toa nha sunrise city - north, so 27 nguy, phuong tan hung, quan 7, tp ho chi minh",0.8,0.0875,0,0.06172839506172839,0.0,4,1,0
1,"so 159/43/11 duong bach dang, phuong 2, quan tan binh, tp ho chi minh",0.7678571428571429,0.14285714285714285,0,0.04938271604938271,0.0,4,1,0
1,"so 40-42 hai ba trung, phuong ben nghe, quan 1, tp ho chi minh",0.8163265306122449,0.10204081632653061,0,0.037037037037037035,0.0,3,1,0
1,"18b nam quoc cang, phuong pham ngu lao, quan 1, tp ho chi minh",0.8775510204081632,0.061224489795918366,0,0.024691358024691357,0.0,2,0,1
1,"4/18 vuon lai, phuong tan thanh, quan tan phu, tp ho chi minh",0.8571428571428571,0.061224489795918366,0,0.024691358024691357,0.0,2,0,1
1,"lo ht-3-2, duong d2, khu cong nghe cao, phuong tang nhon phu b, quan 9, tp ho chi minh",0.8382352941176471,0.058823529411764705,0,0.07407407407407407,0.0,2,1,0
1,"10 duong dc6, phuong son ky, quan tan phu, tp ho chi minh",0.8666666666666667,0.06666666666666667,0,0.037037037037037035,0.0,2,0,1
1,"51/12j nguyen trai, phuong 02, quan 5, tp ho chi minh",0.7441860465116279,0.16279069767441862,0,0.024691358024691357,0.0,3,0,1
1,"81/19 huynh van nghe, phuong 12, quan go vap, tp ho chi minh",0.7916666666666666,0.125,0,0.024691358024691357,0.0,3,0,1
1,"so 127 duong cay keo, phuong hiep tan, quan tan phu, tp ho chi minh",0.8867924528301887,0.05660377358490566,0,0.04938271604938271,0.0,4,1,0
1,"36/70/4 duong d2, phuong 25, quan binh thanh, tp ho chi minh",0.7346938775510204,0.16326530612244897,0,0.037037037037037035,0.0,3,0,1
1,"87 tran thien chanh, phuong 12, quan 10, tp ho chi minh",0.7954545454545454,0.13636363636363635,0,0.024691358024691357,0.0,3,0,1
1,"206/8 dong den, phuong 14, quan tan binh, tp ho chi minh",0.7777777777777778,0.13333333333333333,0,0.024691358024691357,0.0,3,0,1
1,"289/9c duong binh dong, phuong 14, quan 8, tp ho chi minh",0.7608695652173914,0.15217391304347827,0,0.037037037037037035,0.0,3,0,1
1,"91 nguyen dinh chinh, phuong 15, quan phu nhuan, tp ho chi minh",0.8627450980392157,0.0784313725490196,0,0.024691358024691357,0.0,3,0,1
1,"tang 12 toa nha hai au, 39b truong son, phuong 4, quan tan binh, tp ho chi minh",0.8548387096774194,0.08064516129032258,0,0.04938271604938271,0.0,3,1,0
1,"8/8 tan hoa, phuong 1, quan 11, tp ho chi minh",0.75,0.1388888888888889,0,0.024691358024691357,0.0,3,0,1
1,"124/70 phan huy ich, phuong 15, quan tan binh, tp ho chi minh",0.7755102040816326,0.14285714285714285,0,0.024691358024691357,0.0,3,0,1
1,"710/53/2 luy ban bich, phuong tan thanh, quan tan phu, tp ho chi minh",0.8035714285714286,0.10714285714285714,0,0.024691358024691357,0.0,3,0,1
1,"so 3 duong so 1c, khu dan cu 6b, xa binh hung, huyen binh chanh, tp ho chi minh",0.8852459016393442,0.04918032786885246,0,0.04938271604938271,0.0,2,1,0
1,"254/31 duong tth07, khu pho 4a, phuong tan thoi hiep, quan 12, tp ho chi minh",0.7580645161290323,0.16129032258064516,0,0.04938271604938271,0.0,3,0,1
1,"013 duong c13, lo a, chung cu tay thanh, phuong tay thanh, quan tan phu, tp ho chi minh",0.855072463768116,0.07246376811594203,0,0.04938271604938271,0.0,3,0,1
1,"41 duong tl 44, khu pho 1, phuong thanh loc, quan 12, tp ho chi minh",0.7924528301886793,0.1320754716981132,0,0.04938271604938271,0.0,3,0,1
1,"tang tret, toa nha rosana, so 60 nguyen dinh chieu, phuong da kao, quan 1, tp ho chi minh",0.8873239436619719,0.04225352112676056,0,0.06172839506172839,0.0,3,1,0
1,"so 3 duong so 32, phuong phuoc long b, quan 9, tp ho chi minh",0.851063829787234,0.0851063829787234,0,0.037037037037037035,0.0,3,1,0
1,"so 26 duong so 7, phuong hiep binh chanh, quan thu duc, tp ho chi minh",0.8909090909090909,0.05454545454545454,0,0.037037037037037035,0.0,3,1,0
1,"60/36a lam van ben, phuong tan kieng, quan 7, tp ho chi minh",0.8125,0.10416666666666667,0,0.024691358024691357,0.0,2,0,1
1,"181 dien bien phu, phuong da kao, quan 1, tp ho chi minh",0.8409090909090909,0.09090909090909091,0,0.024691358024691357,0.0,3,0,1
1,"so 14, pho dang dung, phuong quan thanh, quan ba dinh, ha noi",0.8775510204081632,0.04081632653061224,0,0.024691358024691357,0.0,3,1,0
1,"phong 605, 606, 607, 608 va 609 thuoc tang 6 toa nha kumho a, phuong ben nghe, quan 1, tp ho chi minh",0.7088607594936709,0.21518987341772153,0,0.04938271604938271,0.0,4,1,0
1,"323/12 duong to ky, ap chanh 1, xa tan xuan, huyen hoc mon, tp ho chi minh",0.8103448275862069,0.10344827586206896,0,0.06172839506172839,0.0,3,0,1
1,"55/8f ap hau lan, xa ba diem, huyen hoc mon, tp ho chi minh",0.8478260869565217,0.06521739130434782,0,0.037037037037037035,0.0,2,0,1
1,"82 bui minh truc, phuong 5, quan 8, tp ho chi minh",0.8205128205128205,0.10256410256410256,0,0.024691358024691357,0.0,2,0,1
1,"so 177, duong nguyen ngoc vu, phuong trung hoa, quan cau giay, ha noi",0.875,0.05357142857142857,0,0.037037037037037035,0.0,4,1,0
1,"lo a2cn3, cum cong nghiep tu liem, phuong minh khai, quan bac tu liem, ha noi",0.9032258064516129,0.03225806451612903,0,0.024691358024691357,0.0,1,1,0
1,"so nha 64, to 22 duong thanh am, phuong thuong thanh, quan long bien, ha noi",0.8688524590163934,0.06557377049180328,0,0.04938271604938271,0.0,3,1,0
1,"40 truong dinh, phuong truong dinh, quan hai ba trung, ha noi",0.9,0.04,0,0.012345679012345678,0.0,2,0,1
1,"so 3 ngoc lam, phuong ngoc lam, quan long bien, ha noi",0.9069767441860465,0.023255813953488372,0,0.024691358024691357,0.0,2,1,0
1,"xom bua, thon trung cao, xa trung hoa, huyen chuong my, ha noi",0.92,0.0,0,0.024691358024691357,0.0,0,1,0
1,"so 25 lo 1c duong trung yen 11c, phuong trung hoa, quan cau giay, ha noi",0.8596491228070176,0.08771929824561403,0,0.04938271604938271,0.0,3,1,0
1,"thon vong la, xa vong la, huyen dong anh, ha noi",0.9210526315789473,0.0,0,0.024691358024691357,0.0,0,1,0
1,"xom 3, xa bat trang, huyen gia lam, ha noi",0.8787878787878788,0.030303030303030304,0,0.012345679012345678,0.0,2,1,0
1,"so 9, lien ke 12 tai dinh cu ngo thi nham, phuong ha cau, quan ha dong, ha noi",0.8833333333333333,0.05,0,0.024691358024691357,0.0,3,1,0
1,"cum 10, xa tho an, huyen dan phuong, ha noi",0.8529411764705882,0.058823529411764705,0,0.012345679012345678,0.0,3,1,0
1,"so 53/152, ngo xa dan 2, pho xa dan, phuong nam dong, quan dong da, ha noi",0.7931034482758621,0.10344827586206896,0,0.024691358024691357,0.0,3,1,0
1,"so 11 ngach 1194/50 duong lang, phuong lang thuong, quan dong da, ha noi",0.7966101694915254,0.13559322033898305,0,0.04938271604938271,0.0,5,1,0
1,"p1624-a32, tang 16, toa icon4, 243a de la thanh, phuong lang thuong, quan dong da, ha noi",0.7397260273972602,0.1643835616438356,0,0.037037037037037035,0.0,4,1,0
1,"so 92a2, ngo 1194, duong lang, phuong lang thuong, quan dong da, ha noi",0.7931034482758621,0.1206896551724138,0,0.037037037037037035,0.0,5,1,0
1,"so 20 ngo 538 duong lang, phuong lang ha, quan dong da, ha noi",0.8367346938775511,0.10204081632653061,0,0.037037037037037035,0.0,4,1,0
1,"tang 6, toa nha viet a, so 9, duong duy tan, phuong dich vong hau, quan cau giay, ha noi",0.8840579710144928,0.028985507246376812,0,0.06172839506172839,0.0,2,1,0
1,"nha so 6, c12, ngo 98, duong xuan thuy, phuong dich vong hau, quan cau giay, ha noi",0.8333333333333334,0.07575757575757576,0,0.037037037037037035,0.0,3,1,0
1,"so nha 21, ngo 119 pho trung kinh, phuong trung hoa, quan cau giay, ha noi",0.847457627118644,0.0847457627118644,0,0.024691358024691357,0.0,4,1,0
1,"xom doai, xa kim no, huyen dong anh, ha noi",0.9117647058823529,0.0,0,0.012345679012345678,0.0,0,1,0
1,"thon ap to, xa uy no, huyen dong anh, ha noi",0.9117647058823529,0.0,0,0.04938271604938271,0.0,0,1,0
1,"tang 5, toa nha hcmcc, so 249a thuy khue, phuong thuy khue, quan tay ho, ha noi",0.8571428571428571,0.06349206349206349,0,0.04938271604938271,0.0,4,1,0
1,"thon cam dinh, xa cam dinh, huyen phuc tho, ha noi",0.925,0.0,0,0.024691358024691357,0.0,0,1,0
1,"so 3-c4, khu c, tap the hoc vien an ninh, ngo 14 tran phu, phuong van quan, quan ha dong, ha noi",0.8533333333333334,0.05333333333333334,0,0.037037037037037035,0.0,3,1,0
1,"lo no17 - lien ke 638 khu gieng sen, phuong la khe, quan ha dong, ha noi",0.8392857142857143,0.08928571428571429,0,0.037037037037037035,0.0,4,1,0
1,"so 263, to 2 da sy, phuong kien hung, quan ha dong, ha noi",0.8222222222222222,0.08888888888888889,0,0.037037037037037035,0.0,4,1,0
1,"so 46, ngo 7, le trong tan, phuong la khe, quan ha dong, ha noi",0.8367346938775511,0.061224489795918366,0,0.024691358024691357,0.0,3,1,0
1,"so 6 ngach 41/46 pham ngoc thach, phuong phuong mai, quan dong da, ha noi",0.847457627118644,0.0847457627118644,0,0.037037037037037035,0.0,3,1,0
1,"so 477/5, ap ba pho, xa binh thanh, huyen thu thua, long an",0.8085106382978723,0.0851063829787234,0,0.04938271604938271,0.0,4,1,0
1,"so 37 xuan dieu, phuong nam ly, thanh pho dong hoi, quang binh",0.9,0.04,0,0.024691358024691357,0.0,3,1,0
1,"to dan pho 12, phuong bac ly, thanh pho dong hoi, quang binh",0.8958333333333334,0.041666666666666664,0,0.024691358024691357,0.0,3,1,0
1,"khu pho 5, phuong phu hai, thanh pho phan thiet, binh thuan",0.9166666666666666,0.020833333333333332,0,0.024691358024691357,0.0,2,1,0
1,"thon 9, xa dak ruong, huyen kon ray, kon tum",0.8857142857142857,0.02857142857142857,0,0.024691358024691357,0.0,2,1,0
1,"to dan pho 16, thi tran phuoc an, huyen krong pak, dac lac",0.8913043478260869,0.043478260869565216,0,0.037037037037037035,0.0,3,1,0
1,"de lien minh, phuong quang yen, thi xa quang yen, quang ninh",0.9387755102040817,0.0,0,0.012345679012345678,0.0,0,1,0
1,"so nha 111, to 6, khu 3, phuong tran hung dao, thanh pho ha long, quang ninh",0.8333333333333334,0.08333333333333333,0,0.04938271604938271,0.0,4,1,0
1,"so nha 176, duong nguyen sieu, phuong duyen hai, thanh pho lao cai, lao cai",0.8852459016393442,0.04918032786885246,0,0.037037037037037035,0.0,4,1,0
1,"so nha 24, khu thong nhat, thi tran bo, huyen kim boi, hoa binh",0.88,0.04,0,0.04938271604938271,0.0,3,1,0
1,"nha ba hoang thi minh, tieu khu lien son, thi tran luong son, huyen luong son, hoa binh",0.9428571428571428,0.0,0,0.037037037037037035,0.0,0,1,0
1,"so 116/27 nguyen thi minh khai, phuong my binh, tp. phan rang-thap cham, ninh thuan",0.8405797101449275,0.07246376811594203,0,0.024691358024691357,0.0,4,1,0
1,"thon khanh nhon 2, xa nhon hai, huyen ninh hai, ninh thuan",0.9148936170212766,0.02127659574468085,0,0.024691358024691357,0.0,2,1,0
1,"khu pho ly tu trong, phuong 8, tp tuy hoa, phu yen",0.8974358974358975,0.02564102564102564,0,0.024691358024691357,0.0,2,1,0
1,"phuoc hau 1, phuong 9, tp tuy hoa, phu yen",0.8484848484848485,0.06060606060606061,0,0.012345679012345678,0.0,2,1,0
1,"khu pho chi duc, thi tran chi thanh, huyen tuy an, phu yen",0.9347826086956522,0.0,0,0.037037037037037035,0.0,0,1,0
1,"khu pho 4, thi tran hoa vinh, huyen dong hoa, phu yen",0.9047619047619048,0.023809523809523808,0,0.037037037037037035,0.0,2,1,0
1,"to 20, khu phuoc thuan, thi tran long thanh, huyen long thanh, dong nai",0.896551724137931,0.034482758620689655,0,0.04938271604938271,0.0,3,1,0
1,"thua dat so 1398, to ban do so 46, khu pho khanh loc, phuong khanh binh, thi xa tan uyen, binh duong",0.8607594936708861,0.0759493670886076,0,0.07407407407407407,0.0,5,1,0
1,"(tai nha ong le ngoc tuong), thon hung phu, xa ky tien, huyen ky anh, ha tinh",0.9016393442622951,0.0,0,0.024691358024691357,0.0,0,0,0
1,"thon vinh quang, xa quang tien, thi xa ba don, quang binh",0.9347826086956522,0.0,0,0.024691358024691357,0.0,0,1,0
1,"nha ong nguyen xuan thai, xom 10b, xa nghi kieu, huyen nghi loc, nghe an",0.896551724137931,0.034482758620689655,0,0.012345679012345678,0.0,3,1,0
1,"lo c5, khu cong nghiep gian khau, xa gia tran, huyen gia vien, ninh binh",0.9137931034482759,0.017241379310344827,0,0.037037037037037035,0.0,1,1,0
1,"so 245, duong xuan thanh, pho tan thinh, phuong tan thanh, thanh pho ninh binh, ninh binh",0.8904109589041096,0.0410958904109589,0,0.037037037037037035,0.0,4,1,0
1,"so 396, duong nguyen cong tru, pho phu son, phuong nam binh, thanh pho ninh binh, ninh binh",0.8918918918918919,0.04054054054054054,0,0.037037037037037035,0.0,4,1,0
1,"so 157a nguyen du, phuong trung do, thanh pho vinh, nghe an",0.875,0.0625,0,0.024691358024691357,0.0,4,1,0
1,"so nha 87, duong ly thuong kiet, phuong nam binh, thanh pho ninh binh, ninh binh",0.9076923076923077,0.03076923076923077,0,0.037037037037037035,0.0,3,1,0
1,"so 68/22b duong pham thai buong, phuong 4, thanh pho vinh long, vinh long",0.85,0.08333333333333333,0,0.037037037037037035,0.0,3,1,0
1,"so nha 200, pho do xa, phuong tu minh, thanh pho hai duong, hai duong",0.8727272727272727,0.05454545454545454,0,0.037037037037037035,0.0,4,1,0
1,"ap my loi, xa phuoc lap, huyen tan phuoc, tien giang",0.9285714285714286,0.0,0,0.024691358024691357,0.0,0,1,0
1,"thon quynh khe, xa kim xuyen, huyen kim thanh, hai duong",0.9347826086956522,0.0,0,0.037037037037037035,0.0,0,1,0
1,"so 64t, ngo 51, pho thai thinh, phuong thinh quang, quan dong da, ha noi",0.8448275862068966,0.06896551724137931,0,0.024691358024691357,0.0,3,1,0
1,"so 57 hang bong, phuong hang gai, quan hoan kiem, ha noi",0.8888888888888888,0.044444444444444446,0,0.024691358024691357,0.0,3,1,0
1,"tang 21, toa nha capital tower, so 109 tran hung dao, phuong cua nam, quan hoan kiem, ha noi",0.8648648648648649,0.06756756756756757,0,0.04938271604938271,0.0,4,1,0
1,"so 52, ngo yet kieu, phuong cua nam, quan hoan kiem, ha noi",0.8723404255319149,0.0425531914893617,0,0.024691358024691357,0.0,3,1,0
1,"so 20 trang tien, phuong trang tien, quan hoan kiem, ha noi",0.8958333333333334,0.041666666666666664,0,0.024691358024691357,0.0,3,1,0
1,"so 62, pho giang vo, phuong cat linh, quan dong da, ha noi",0.8695652173913043,0.043478260869565216,0,0.024691358024691357,0.0,3,1,0
1,"so e33, duong d7, khu dan cu vo thi sau, phuong thong nhat, thanh pho bien hoa, dong nai",0.8857142857142857,0.04285714285714286,0,0.04938271604938271,0.0,2,1,0
1,"so 527, duong bui huu nghia, kp 6, phuong long binh, thanh pho bien hoa, dong nai",0.8615384615384616,0.06153846153846154,0,0.04938271604938271,0.0,4,1,0
1,"so 1, hem 1, nguyen van tien, to 32, kp 3, phuong trang dai, thanh pho bien hoa, dong nai",0.8285714285714286,0.07142857142857142,0,0.06172839506172839,0.0,3,1,0
1,"duong nguyen hue (thua dat so 30, to ban do so 18), phuong phu khuong, thanh pho ben tre, ben tre",0.8701298701298701,0.05194805194805195,0,0.06172839506172839,0.0,3,1,0
1,"so 210/18b, to 7a, khu pho 2, thi tran cho lach, huyen cho lach, ben tre",0.7719298245614035,0.12280701754385964,0,0.06172839506172839,0.0,4,1,0
1,"ap thanh b (thua dat so 86, to ban do so 16), xa tan phong, huyen thanh phu, ben tre",0.8461538461538461,0.06153846153846154,0,0.06172839506172839,0.0,3,1,0
1,"ap 3 (thua dat so 144, to ban do so 9), xa son phu, huyen giong trom, ben tre",0.8135593220338984,0.0847457627118644,0,0.06172839506172839,0.0,4,1,0
1,"so 470/iii, ap 3, xa binh thang, huyen binh dai, ben tre",0.8,0.08888888888888889,0,0.037037037037037035,0.0,4,1,0
1,"huoi nga, xa chieng hac, huyen yen chau, son la",0.9210526315789473,0.0,0,0.012345679012345678,0.0,0,1,0
1,"02 hoa binh, phuong v, tp vi thanh, hau giang",0.8611111111111112,0.05555555555555555,0,0.012345679012345678,0.0,2,0,1
1,"tdp danggiarit b, thi tran lac duong, huyen lac duong, lam dong",0.9423076923076923,0.0,0,0.04938271604938271,0.0,0,1,0
1,"322 nguyen tu luc, phuong 8, thanh pho da lat, lam dong",0.8409090909090909,0.09090909090909091,0,0.012345679012345678,0.0,3,0,1
1,"thon tang quang, xa bich son, huyen viet yen, bac giang",0.9333333333333333,0.0,0,0.037037037037037035,0.0,0,1,0
1,"tt cho chu, thi tran cho chu, huyen dinh hoa, thai nguyen",0.9347826086956522,0.0,0,0.037037037037037035,0.0,0,1,0
1,"01 nguyen tri phuong, phuong cam nam, thanh pho hoi an, quang nam",0.9056603773584906,0.03773584905660377,0,0.012345679012345678,0.0,2,0,1
1,"thon phuong dong, xa tra dong, huyen bac tra my, quang nam",0.9361702127659575,0.0,0,0.024691358024691357,0.0,0,1,0
1,"ap thoi xuyen, xa thoi dong, xa thoi dong, huyen co do, can tho",0.92,0.0,0,0.024691358024691357,0.0,0,1,0
1,"54 truong quoc dung, phuong 10, quan phu nhuan, tp ho chi minh",0.86,0.08,0,0.024691358024691357,0.0,3,0,1
1,"lau 6, so 41-43 tran cao van, phuong 06, quan 3, tp ho chi minh",0.7346938775510204,0.16326530612244897,0,0.04938271604938271,0.0,3,1,0
1,"547/51 hoang sa, phuong 07, quan 3, tp ho chi minh",0.7,0.2,0,0.024691358024691357,0.0,3,0,1
1,"so 3 cong truong quoc te, phuong 06, quan 3, tp ho chi minh",0.8478260869565217,0.08695652173913043,0,0.037037037037037035,0.0,3,1,0
1,"so 37 le dai hanh, phuong le dai hanh, quan hai ba trung, ha noi",0.9,0.04,0,0.024691358024691357,0.0,3,1,0
1,"tang 19 toa nha vtc online, so 18 tam trinh, phuong minh khai, quan hai ba trung, ha noi",0.8857142857142857,0.05714285714285714,0,0.04938271604938271,0.0,3,1,0
1,"phong 2b, n04-25 lang ha, phuong thanh cong, quan ba dinh, ha noi",0.8113207547169812,0.09433962264150944,0,0.012345679012345678,0.0,2,1,0
1,"so 06 ngach 117/71 ngo 117 thai ha, phuong trung liet, quan dong da, ha noi",0.7666666666666667,0.16666666666666666,0,0.037037037037037035,0.0,4,1,0
1,"so 14-16 pho mai hac de, phuong bui thi xuan, quan hai ba trung, ha noi",0.8571428571428571,0.07142857142857142,0,0.024691358024691357,0.0,3,1,0
1,"can b3003 keangnam, phuong me tri, quan nam tu liem, ha noi",0.8541666666666666,0.08333333333333333,0,0.012345679012345678,0.0,4,1,0
1,"moc hoan, xa van con, huyen hoai duc, ha noi",0.9142857142857143,0.0,0,0.012345679012345678,0.0,0,1,0
1,"k759/11 tran cao van, phuong thanh khe dong, quan thanh khe, da nang",0.8392857142857143,0.08928571428571429,0,0.012345679012345678,0.0,3,1,0
1,"thon 2, xa truong xuan, huyen dak song, dak nong",0.8974358974358975,0.02564102564102564,0,0.024691358024691357,0.0,2,1,0
1,"115 duong 2/4, phuong van thang, thanh pho nha trang, khanh hoa",0.8269230769230769,0.09615384615384616,0,0.024691358024691357,0.0,3,0,1
1,"so 242 duong tran nguyen han, phuong tho xuong, thanh pho bac giang, bac giang",0.90625,0.046875,0,0.037037037037037035,0.0,4,1,0
1,"yen son, xa tien phong, huyen yen dung, bac giang",0.925,0.0,0,0.012345679012345678,0.0,0,1,0
1,"so 87,89 duong 295b thon tu, xa tan my, thanh pho bac giang, bac giang",0.8035714285714286,0.125,0,0.04938271604938271,0.0,4,1,0
1,"xom 8 thon kep, xa viet tien, huyen viet yen, bac giang",0.9090909090909091,0.022727272727272728,0,0.024691358024691357,0.0,2,1,0
1,"thon va ( thue nha ong tran van manh), xa an ba, huyen son dong, bac giang",0.9137931034482759,0.0,0,0.024691358024691357,0.0,0,1,0
1,"thon dinh luc 2, xa tan dinh, huyen lang giang, bac giang",0.9130434782608695,0.021739130434782608,0,0.024691358024691357,0.0,2,1,0
1,"lo so 30-4, duong n14, khu cong nghiep phuoc dong, xa phuoc dong, huyen go dau, tay ninh",0.8450704225352113,0.07042253521126761,0,0.06172839506172839,0.0,3,1,0
1,"khu cong nghiep phuoc dong, xa phuoc dong, huyen go dau, tay ninh",0.9433962264150944,0.0,0,0.024691358024691357,0.0,0,1,0
1,"so 379, ap cay tram a, xa dinh binh, thanh pho ca mau, ca mau",0.851063829787234,0.06382978723404255,0,0.037037037037037035,0.0,4,1,0
1,"ap cho duoi, xa phuoc hung, huyen tra cu, tra vinh",0.925,0.0,0,0.024691358024691357,0.0,0,1,0
1,"duong nguyen du, phuong quang trung, thanh pho uong bi, quang ninh",0.9454545454545454,0.0,0,0.024691358024691357,0.0,0,1,0
1,"thon 1, xa an phu, thanh pho pleiku, gia lai",0.8857142857142857,0.02857142857142857,0,0.024691358024691357,0.0,2,1,0
1,"to dan pho 3, thi tran chu se, huyen chu se, gia lai",0.9,0.025,0,0.037037037037037035,0.0,2,1,0
1,"104 ly thuong kiet, xa tra da, thanh pho pleiku, gia lai",0.8666666666666667,0.06666666666666667,0,0.012345679012345678,0.0,3,0,1
1,"so nha 45, thon 5, xa quang tin, huyen dak r'lap, dak nong",0.8260869565217391,0.06521739130434782,0,0.037037037037037035,0.0,3,1,0
1,"so 99a phan dinh phung, phuong 1, thanh pho da lat, lam dong",0.875,0.0625,0,0.024691358024691357,0.0,3,1,0
1,"so 03b/6/2 duong co giang, phuong 9, thanh pho da lat, lam dong",0.803921568627451,0.09803921568627451,0,0.037037037037037035,0.0,3,1,0
1,"so 27b duong thong thien hoc, phuong 2, thanh pho da lat, lam dong",0.8867924528301887,0.05660377358490566,0,0.037037037037037035,0.0,3,1,0
1,"so 178, thon lien huong, xa da rsal, huyen dam rong, lam dong",0.8571428571428571,0.061224489795918366,0,0.037037037037037035,0.0,4,1,0
1,"to 2, thon hong phong, thi tran mau a, huyen van yen, yen bai",0.8958333333333334,0.020833333333333332,0,0.04938271604938271,0.0,2,1,0
1,"so 028, duong yet kieu, phuong kim tan, thanh pho lao cai, lao cai",0.8679245283018868,0.05660377358490566,0,0.037037037037037035,0.0,4,1,0
1,"nha ong nguyen van nam, to 1, phuong kim tan, thanh pho lao cai, lao cai",0.9122807017543859,0.017543859649122806,0,0.024691358024691357,0.0,2,1,0
1,"xom nghia thanh, xa an nghia, huyen lac son, hoa binh",0.9302325581395349,0.0,0,0.012345679012345678,0.0,0,1,0
1,"so 172, to 26, phuong quang trung, thanh pho thai nguyen, thai nguyen",0.8421052631578947,0.08771929824561403,0,0.037037037037037035,0.0,4,1,0
1,"xom kieu chinh, xa xuan phuong, huyen phu binh, thai nguyen",0.9387755102040817,0.0,0,0.012345679012345678,0.0,0,1,0
1,"so 31/1, duong ngo quyen, khoi 8, phuong vinh trai, thanh pho lang son, lang son",0.8461538461538461,0.06153846153846154,0,0.04938271604938271,0.0,3,1,0
1,"so 31b, ngo 5, duong le dai hanh, phuong vinh trai, thanh pho lang son, lang son",0.875,0.046875,0,0.037037037037037035,0.0,3,1,0
1,"so 5, ngo 9, duong phai ve, phuong dong kinh, thanh pho lang son, lang son",0.8813559322033898,0.03389830508474576,0,0.037037037037037035,0.0,2,1,0
1,"so 12a, duong ngo thi nham, phuong tam thanh, thanh pho lang son, lang son",0.9,0.03333333333333333,0,0.037037037037037035,0.0,3,1,0
1,"thon yen thanh, xa yen trach, huyen cao loc, lang son",0.9302325581395349,0.0,0,0.024691358024691357,0.0,0,1,0
1,"so nha 44, to 9, thi tran chua hang, huyen dong hy, thai nguyen",0.86,0.06,0,0.04938271604938271,0.0,3,1,0
1,"xom lang lai, xa la hien, huyen vo nhai, thai nguyen",0.9285714285714286,0.0,0,0.012345679012345678,0.0,0,1,0
1,"to 5, phuong quang vinh, thanh pho thai nguyen, thai nguyen",0.9183673469387755,0.02040816326530612,0,0.024691358024691357,0.0,2,1,0
1,"to 15, phuong trung vuong, thanh pho thai nguyen, thai nguyen",0.9019607843137255,0.0392156862745098,0,0.024691358024691357,0.0,3,1,0
1,"to 30, phuong hoang van thu, thanh pho thai nguyen, thai nguyen",0.9038461538461539,0.038461538461538464,0,0.024691358024691357,0.0,3,1,0
1,"34/8 hoang hoa tham, phuong loc tho, thanh pho nha trang, khanh hoa",0.8727272727272727,0.05454545454545454,0,0.012345679012345678,0.0,2,0,1
1,"421 le hong phong, phuong phuoc hoa, thanh pho nha trang, khanh hoa",0.8909090909090909,0.05454545454545454,0,0.012345679012345678,0.0,3,0,1
1,"lo 26a da tuong, phuong vinh nguyen, thanh pho nha trang, khanh hoa",0.9090909090909091,0.03636363636363636,0,0.024691358024691357,0.0,3,1,0
1,"thon phu trung, xa dai hiep, huyen dai loc, quang nam",0.9302325581395349,0.0,0,0.024691358024691357,0.0,0,1,0
1,"thon ha thanh, xa dai dong, huyen dai loc, quang nam",0.9285714285714286,0.0,0,0.024691358024691357,0.0,0,1,0
1,"thon phuoc ha, xa phuoc dong, thanh pho nha trang, khanh hoa",0.9387755102040817,0.0,0,0.024691358024691357,0.0,0,1,0
1,"to 11 phu nong, xa vinh ngoc, thanh pho nha trang, khanh hoa",0.8958333333333334,0.041666666666666664,0,0.024691358024691357,0.0,3,1,0
1,"27/22 duong 7b, phuong phuoc long, thanh pho nha trang, khanh hoa",0.8333333333333334,0.09259259259259259,0,0.024691358024691357,0.0,2,0,1
1,"2/5 do luong, phuong phuoc hoa, thanh pho nha trang, khanh hoa",0.8823529411764706,0.0392156862745098,0,0.012345679012345678,0.0,1,0,1
1,"13a hoang hoa tham, phuong loc tho, thanh pho nha trang, khanh hoa",0.9074074074074074,0.037037037037037035,0,0.012345679012345678,0.0,2,0,1
1,"thon que xuan 2, xa binh quy, huyen thang binh, quang nam",0.9130434782608695,0.021739130434782608,0,0.024691358024691357,0.0,2,1,0
1,"thon nga ba, thi tran p rao, huyen dong giang, quang nam",0.9333333333333333,0.0,0,0.037037037037037035,0.0,0,1,0
1,"168 phan chu trinh, phuong an my, thanh pho tam ky, quang nam",0.8775510204081632,0.061224489795918366,0,0.012345679012345678,0.0,3,0,1
1,"thon tho tan, xa tam ngoc, thanh pho tam ky, quang nam",0.9302325581395349,0.0,0,0.024691358024691357,0.0,0,1,0
1,"lau 2, so 38/2, ap thanh hoa, xa ho nai 3, huyen trang bom, dong nai",0.7924528301886793,0.09433962264150944,0,0.04938271604938271,0.0,3,1,0
1,"can i33, kp 2, phuong buu long, thanh pho bien hoa, dong nai",0.8541666666666666,0.0625,0,0.024691358024691357,0.0,2,1,0
1,"thua dat so 703, to ban do so 8, to 5, khu pho phuoc hai, thi xa tan uyen, binh duong",0.8461538461538461,0.07692307692307693,0,0.07407407407407407,0.0,4,1,0
1,"lo a9.1, kcn chon thanh, ap 2, xa thanh tam, huyen chon thanh, binh phuoc",0.847457627118644,0.05084745762711865,0,0.04938271604938271,0.0,3,1,0
1,"ap bu dinh, xa thanh an, huyen hon quan, binh phuoc",0.926829268292683,0.0,0,0.037037037037037035,0.0,0,1,0
1,"so 86 duong ly tu trong, phuong bac ha, thanh pho ha tinh, ha tinh",0.9038461538461539,0.038461538461538464,0,0.037037037037037035,0.0,3,1,0
1,"nha ong mai duc toan, thon ba dong, phuong ky phuong, thi xa ky anh, ha tinh",0.9333333333333333,0.0,0,0.024691358024691357,0.0,0,1,0
1,"so 66, duong 3/2, thi tran duc tai, huyen duc linh, binh thuan",0.82,0.08,0,0.04938271604938271,0.0,3,1,0
1,"so 580 tran hung dao, phuong duc long, thanh pho phan thiet, binh thuan",0.896551724137931,0.05172413793103448,0,0.024691358024691357,0.0,4,1,0
1,"khu cong nghiep an phuoc, xa an phuoc, huyen long thanh, dong nai",0.9433962264150944,0.0,0,0.024691358024691357,0.0,0,1,0
1,"xom thai tho, xa nghi thai, huyen nghi loc, nghe an",0.926829268292683,0.0,0,0.012345679012345678,0.0,0,1,0
1,"so 01, ngo 107, duong phung chi kien, phuong ha huy tap, thanh pho vinh, nghe an",0.84375,0.078125,0,0.037037037037037035,0.0,4,1,0
1,"xom dong xuan, xa hoa son, huyen do luong, nghe an",0.925,0.0,0,0.012345679012345678,0.0,0,1,0
1,"nha ong le anh minh, khoi 2, phuong nghi tan, thi xa cua lo, nghe an",0.9056603773584906,0.018867924528301886,0,0.037037037037037035,0.0,2,1,0
1,"nha ong huynh giang lam, xom 9, xa thinh son, huyen do luong, nghe an",0.9090909090909091,0.01818181818181818,0,0.012345679012345678,0.0,2,1,0
1,"tai nha ong bui van dung, vung ha vang, xa thien loc, huyen can loc, ha tinh",0.9333333333333333,0.0,0,0.012345679012345678,0.0,0,1,0
1,"nha ong pham van sang, thon quyet thang, xa quang thinh, thanh pho thanh hoa, thanh hoa",0.9436619718309859,0.0,0,0.024691358024691357,0.0,0,1,0
1,"xom 1, xa nghi long, huyen nghi loc, nghe an",0.8857142857142857,0.02857142857142857,0,0.012345679012345678,0.0,2,1,0
1,"phong 1003 chung cu trung do, phuong hung dung, thanh pho vinh, nghe an",0.8793103448275862,0.06896551724137931,0,0.012345679012345678,0.0,5,1,0
1,"khu 6, xa ha thach, thi xa phu tho, phu tho",0.8787878787878788,0.030303030303030304,0,0.024691358024691357,0.0,2,1,0
1,"so 3, to 19b, khu 11, phuong gia cam, thanh pho viet tri, phu tho",0.803921568627451,0.09803921568627451,0,0.04938271604938271,0.0,3,1,0
1,"xom dong, thon binh hai, xa yen nhan, huyen yen mo, ninh binh",0.9183673469387755,0.0,0,0.024691358024691357,0.0,0,1,0
1,"lo 1f9, trung tam thuong mai lotte mart can tho, so 84, duon, phuong an hoa, quan ninh kieu, can tho",0.875,0.05,0,0.037037037037037035,0.0,3,1,0
1,"86/9a, cach mang thang tam, phuong bui huu nghia, quan binh thuy, can tho",0.8666666666666667,0.05,0,0.012345679012345678,0.0,2,0,1
1,"so 208 duong ba trieu, khom 1, phuong 3, thanh pho bac lieu, bac lieu",0.8363636363636363,0.09090909090909091,0,0.04938271604938271,0.0,4,1,0
1,"ap thanh nhon, xa binh thanh, huyen chau thanh, an giang",0.9347826086956522,0.0,0,0.024691358024691357,0.0,0,1,0
1,"134, quoc lo 91, ap binh hoa, thi tran cai dau, huyen chau phu, an giang",0.8245614035087719,0.08771929824561403,0,0.04938271604938271,0.0,3,0,1
1,"so 47, ap thuan tien, xa binh giang, huyen hon dat, kien giang",0.88,0.04,0,0.037037037037037035,0.0,3,1,0
1,"so 157, quoc lo 63, khu pho 3, thi tran thu ba, huyen an bien, kien giang",0.8070175438596491,0.10526315789473684,0,0.06172839506172839,0.0,4,1,0
1,"to 1, khu pho 3, duong nguyen van cu, thi tran an thoi, huyen phu quoc, kien giang",0.8923076923076924,0.03076923076923077,0,0.06172839506172839,0.0,2,1,0
1,"42/2, tran viet chau, phuong an hoa, quan ninh kieu, can tho",0.8367346938775511,0.061224489795918366,0,0.012345679012345678,0.0,2,0,1
1,"so 307, duong to hieu, phuong hien nam, thanh pho hung yen, hung yen",0.8727272727272727,0.05454545454545454,0,0.04938271604938271,0.0,4,1,0
1,"so 98, vo van kiet, phuong an thanh, thi xa hong ngu, dong thap",0.88,0.04,0,0.024691358024691357,0.0,3,1,0
1,"so 177, le loi, phuong 2, thanh pho cao lanh, dong thap",0.8181818181818182,0.09090909090909091,0,0.024691358024691357,0.0,4,1,0
1,"duong vo van kiet, ap tan cuong, xa phu cuong, huyen tam nong, dong thap",0.9310344827586207,0.0,0,0.037037037037037035,0.0,0,1,0
1,"dt 852, khom tan hoa, phuong an hoa, thanh pho sa dec, dong thap",0.8627450980392157,0.058823529411764705,0,0.024691358024691357,0.0,4,1,0
1,"12 nguyen duy hieu, phuong an hai dong, quan son tra, da nang",0.8979591836734694,0.04081632653061224,0,0.012345679012345678,0.0,2,0,1
1,"72/10 pham nhu tang, phuong hoa khe, quan thanh khe, da nang",0.8367346938775511,0.08163265306122448,0,0.024691358024691357,0.0,2,0,1
1,"k107/27 hoang thuc tram, phuong hoa cuong bac, quan hai chau, da nang",0.8421052631578947,0.08771929824561403,0,0.012345679012345678,0.0,3,1,0
1,"11 kinh duong vuong, phuong hoa minh, quan lien chieu, da nang",0.9019607843137255,0.0392156862745098,0,0.024691358024691357,0.0,2,0,1
1,"so nha 15, pho hoang van thu, phuong tran phu, thanh pho hai duong, hai duong",0.9032258064516129,0.03225806451612903,0,0.037037037037037035,0.0,3,1,0
1,"so nha 101a, pho tue tinh, phuong pham ngu lao, thanh pho hai duong, hai duong",0.8888888888888888,0.047619047619047616,0,0.037037037037037035,0.0,4,1,0
1,"148 ong ich khiem, phuong tam thuan, quan thanh khe, da nang",0.8775510204081632,0.061224489795918366,0,0.012345679012345678,0.0,3,0,1
1,"757 ngo quyen, phuong an hai bac, quan son tra, da nang",0.8636363636363636,0.06818181818181818,0,0.012345679012345678,0.0,3,0,1
1,"213 le tan trung, phuong tho quang, quan son tra, da nang",0.8695652173913043,0.06521739130434782,0,0.012345679012345678,0.0,3,0,1
1,"24 ly thanh tong, phuong an hai bac, quan son tra, da nang",0.8913043478260869,0.043478260869565216,0,0.012345679012345678,0.0,2,0,1
1,"k86/19b duong dong da, phuong thuan phuoc, quan hai chau, da nang",0.8518518518518519,0.07407407407407407,0,0.024691358024691357,0.0,2,1,0
1,"323 tran hung dao, phuong an hai bac, quan son tra, da nang",0.8723404255319149,0.06382978723404255,0,0.012345679012345678,0.0,3,0,1
1,"thon mieu bong, xa hoa phuoc, huyen hoa vang, da nang",0.9302325581395349,0.0,0,0.024691358024691357,0.0,0,1,0
1,"n28 duong 11, khu pho 4, phuong tan thoi nhat, quan 12, tp ho chi minh",0.8,0.12727272727272726,0,0.04938271604938271,0.0,3,1,0
1,"74 tran trong cung, phuong tan thuan dong, quan 7, tp ho chi minh",0.8846153846153846,0.057692307692307696,0,0.024691358024691357,0.0,2,0,1
1,"b11/3 ap 2a, xa vinh loc b, huyen binh chanh, tp ho chi minh",0.8297872340425532,0.0851063829787234,0,0.037037037037037035,0.0,2,1,0
1,"to 197, phuong an hai bac, quan son tra, da nang",0.8421052631578947,0.07894736842105263,0,0.024691358024691357,0.0,4,1,0
1,"117 huynh tan phat, phuong hoa cuong nam, quan hai chau, da nang",0.8846153846153846,0.057692307692307696,0,0.012345679012345678,0.0,3,0,1
1,"99 tran van du, phuong my an, quan ngu hanh son, da nang",0.8863636363636364,0.045454545454545456,0,0.012345679012345678,0.0,2,0,1
1,"22 le dinh duong, phuong phuoc ninh, quan hai chau, da nang",0.8958333333333334,0.041666666666666664,0,0.024691358024691357,0.0,2,0,1
1,"439/14 xo viet nghe tinh, phuong 26, quan binh thanh, tp ho chi minh",0.8,0.12727272727272726,0,0.024691358024691357,0.0,3,0,1
1,"325/2 ap chanh 1, xa tan xuan, huyen hoc mon, tp ho chi minh",0.8085106382978723,0.10638297872340426,0,0.037037037037037035,0.0,3,0,1
1,"so 2 tran ngoc dien, phuong thao dien, quan 2, tp ho chi minh",0.8958333333333334,0.041666666666666664,0,0.037037037037037035,0.0,2,1,0
1,"301 bui dinh tuy, phuong 24, quan binh thanh, tp ho chi minh",0.8333333333333334,0.10416666666666667,0,0.024691358024691357,0.0,3,0,1
1,"tang 12 toa nha hai au, 39b truong son, phuong 4, quan tan binh, tp ho chi minh",0.8548387096774194,0.08064516129032258,0,0.04938271604938271,0.0,3,1,0
1,"16/77 nguyen thien thuat, phuong 02, quan 3, tp ho chi minh",0.7708333333333334,0.14583333333333334,0,0.024691358024691357,0.0,3,0,1
1,"610 duong binh long, phuong tan quy, quan tan phu, tp ho chi minh",0.8846153846153846,0.057692307692307696,0,0.037037037037037035,0.0,3,0,1
1,"12 einstein, khu pho 4, phuong binh tho, quan thu duc, tp ho chi minh",0.8727272727272727,0.05454545454545454,0,0.037037037037037035,0.0,2,0,1
1,"50/50 xuan thoi xuan, xa xuan thoi thuong, huyen hoc mon, tp ho chi minh",0.8620689655172413,0.06896551724137931,0,0.024691358024691357,0.0,2,0,1
1,"03 duong 27, phuong binh tri dong b, quan binh tan, tp ho chi minh",0.8653846153846154,0.07692307692307693,0,0.037037037037037035,0.0,3,0,1
1,"588/37/16 huynh tan phat, phuong tan phu, quan 7, tp ho chi minh",0.75,0.15384615384615385,0,0.024691358024691357,0.0,3,0,1
1,"28 duong 77, phuong tan quy, quan 7, tp ho chi minh",0.8,0.125,0,0.037037037037037035,0.0,3,0,1
1,"51/1a duong ttn 1,khu pho 7, phuong tan thoi nhat, quan 12, tp ho chi minh",0.7966101694915254,0.11864406779661017,0,0.04938271604938271,0.0,3,0,1
1,"493 nguyen thi ranh, ap bau chua, xa nhuan duc, huyen cu chi, tp ho chi minh",0.8833333333333333,0.05,0,0.037037037037037035,0.0,3,0,1
1,"980a/10 nguyen duy trinh, phuong phu huu, quan 9, tp ho chi minh",0.8076923076923077,0.11538461538461539,0,0.024691358024691357,0.0,3,0,1
1,"31-33 dinh cong trang, phuong tan dinh, quan 1, tp ho chi minh",0.82,0.1,0,0.024691358024691357,0.0,2,0,1
1,"so 3, khu b, bui minh truc, phuong 6, quan 8, tp ho chi minh",0.8260869565217391,0.06521739130434782,0,0.04938271604938271,0.0,2,1,0
1,"3/27 a1 hem 28, duong dong hung thuan 3, khu pho 5, phuong tan hung thuan, quan 12, tp ho chi minh",0.7922077922077922,0.12987012987012986,0,0.06172839506172839,0.0,3,0,1
1,"266/82/20 to hien thanh, phuong 15, quan 10, tp ho chi minh",0.6666666666666666,0.22916666666666666,0,0.037037037037037035,0.0,3,0,1
1,"346b ha huy giap, phuong thanh loc, quan 12, tp ho chi minh",0.8297872340425532,0.10638297872340426,0,0.024691358024691357,0.0,3,0,1
1,"139/1 nguyen van luong, phuong 10, quan go vap, tp ho chi minh",0.8,0.12,0,0.024691358024691357,0.0,3,0,1
1,"442/119/31/38a quoc lo 1a, phuong an phu dong, quan 12, tp ho chi minh",0.6666666666666666,0.22807017543859648,0,0.037037037037037035,0.0,3,0,1
1,"so 132 duong d2, khu pho 5, phuong tang nhon phu a, quan 9, tp ho chi minh",0.8245614035087719,0.10526315789473684,0,0.07407407407407407,0.0,4,1,0
1,"43 le anh xuan, phuong ben thanh, quan 1, tp ho chi minh",0.8636363636363636,0.06818181818181818,0,0.024691358024691357,0.0,2,0,1
1,"191a, do xuan hop, phuong phuoc long b, quan 9, tp ho chi minh",0.8367346938775511,0.08163265306122448,0,0.024691358024691357,0.0,3,0,1
1,"50 duong t4a, phuong tay thanh, quan tan phu, tp ho chi minh",0.875,0.0625,0,0.037037037037037035,0.0,2,0,1
1,"674 nguyen dinh chieu, phuong 03, quan 3, tp ho chi minh",0.8,0.13333333333333333,0,0.024691358024691357,0.0,3,0,1
1,"57/21 truong dang que, phuong 1, quan go vap, tp ho chi minh",0.8125,0.10416666666666667,0,0.024691358024691357,0.0,2,0,1
1,"12 thanh loc 50, phuong thanh loc, quan 12, tp ho chi minh",0.8043478260869565,0.13043478260869565,0,0.024691358024691357,0.0,3,0,1
1,"tang 1, toa nha rosana, so 60 nguyen dinh chieu, phuong da kao, quan 1, tp ho chi minh",0.8676470588235294,0.058823529411764705,0,0.06172839506172839,0.0,3,1,0
1,"lau 16, so 29, duong le duan, phuong ben nghe, quan 1, tp ho chi minh",0.8148148148148148,0.09259259259259259,0,0.06172839506172839,0.0,3,1,0
1,"tang tret, b10 (c4-1), khu tttm tai chinh quoc te phu my hun, phuong tan phu, quan 7, tp ho chi minh",0.8354430379746836,0.06329113924050633,0,0.04938271604938271,0.0,2,1,0
1,"83 mac thi buoi, phuong ben nghe, quan 1, tp ho chi minh",0.8636363636363636,0.06818181818181818,0,0.024691358024691357,0.0,2,0,1
1,"63c, duong lo lu, phuong truong thanh, quan 9, tp ho chi minh",0.8571428571428571,0.061224489795918366,0,0.04938271604938271,0.0,2,0,1
1,"22 le nga, phuong phu trung, quan tan phu, tp ho chi minh",0.8888888888888888,0.044444444444444446,0,0.024691358024691357,0.0,2,0,1
1,"93 nguyen phuc nguyen, phuong 10, quan 3, tp ho chi minh",0.8222222222222222,0.1111111111111111,0,0.024691358024691357,0.0,3,0,1
1,"338/47 thoai ngoc hau, phuong phu thanh, quan tan phu, tp ho chi minh",0.8392857142857143,0.08928571428571429,0,0.024691358024691357,0.0,3,0,1
1,"so 7 duong hoang dieu 2, khu pho 2, phuong linh trung, quan thu duc, tp ho chi minh",0.8923076923076924,0.046153846153846156,0,0.06172839506172839,0.0,2,1,0
1,"189/7/13 hoa binh, phuong hiep tan, quan tan phu, tp ho chi minh",0.7884615384615384,0.11538461538461539,0,0.024691358024691357,0.0,3,0,1
1,"lau 1, toa nha hoa lam, so 2, duong thi sach, phuong ben nghe, quan 1, tp ho chi minh",0.8636363636363636,0.045454545454545456,0,0.07407407407407407,0.0,2,1,0
1,"27/5a, ap trung lan, xa ba diem, huyen hoc mon, tp ho chi minh",0.8367346938775511,0.061224489795918366,0,0.037037037037037035,0.0,2,0,1
1,"519b nguyen tri phuong, phuong 08, quan 10, tp ho chi minh",0.7872340425531915,0.14893617021276595,0,0.024691358024691357,0.0,3,0,1
1,"72a phu tho, phuong 2, quan 11, tp ho chi minh",0.7777777777777778,0.1388888888888889,0,0.024691358024691357,0.0,3,0,1
1,"724/2 quoc lo 13, khu pho 4, phuong hiep binh phuoc, quan thu duc, tp ho chi minh",0.8125,0.109375,0,0.04938271604938271,0.0,3,0,1
1,"69/1/6 duong 185, khu pho 5, phuong phuoc long b, quan 9, tp ho chi minh",0.7368421052631579,0.15789473684210525,0,0.04938271604938271,0.0,4,0,1
1,"11 duong bo tay kinh cay kho, ap 1, xa phuoc loc, huyen nha be, tp ho chi minh",0.8833333333333333,0.05,0,0.04938271604938271,0.0,2,0,1
1,"43/3c khu pho mieu ba, thi tran can thanh, huyen can gio, tp ho chi minh",0.8771929824561403,0.05263157894736842,0,0.04938271604938271,0.0,2,0,1
1,"108 pham van dong, phuong hiep binh chanh, quan thu duc, tp ho chi minh",0.8947368421052632,0.05263157894736842,0,0.024691358024691357,0.0,3,0,1
1,"324 duong dien bien phu, phuong 11, quan 10, tp ho chi minh",0.7872340425531915,0.14893617021276595,0,0.037037037037037035,0.0,3,0,1
1,"51d duong giai phong, phuong 4, quan tan binh, tp ho chi minh",0.8775510204081632,0.061224489795918366,0,0.037037037037037035,0.0,2,0,1
1,"69/1/6 duong 185, khu pho 5, phuong phuoc long b, quan 9, tp ho chi minh",0.7368421052631579,0.15789473684210525,0,0.04938271604938271,0.0,4,0,1
1,"11 duong bo tay kinh cay kho, ap 1, xa phuoc loc, huyen nha be, tp ho chi minh",0.8833333333333333,0.05,0,0.04938271604938271,0.0,2,0,1
1,"43/3c khu pho mieu ba, thi tran can thanh, huyen can gio, tp ho chi minh",0.8771929824561403,0.05263157894736842,0,0.04938271604938271,0.0,2,0,1
1,"108 pham van dong, phuong hiep binh chanh, quan thu duc, tp ho chi minh",0.8947368421052632,0.05263157894736842,0,0.024691358024691357,0.0,3,0,1
1,"324 duong dien bien phu, phuong 11, quan 10, tp ho chi minh",0.7872340425531915,0.14893617021276595,0,0.037037037037037035,0.0,3,0,1
1,"51d duong giai phong, phuong 4, quan tan binh, tp ho chi minh",0.8775510204081632,0.061224489795918366,0,0.037037037037037035,0.0,2,0,1
1,"10/2 chien luoc, phuong binh tri dong, quan binh tan, tp ho chi minh",0.8727272727272727,0.05454545454545454,0,0.024691358024691357,0.0,2,0,1
1,"438 tan ky tan quy, phuong son ky, quan tan phu, tp ho chi minh",0.8775510204081632,0.061224489795918366,0,0.024691358024691357,0.0,3,0,1
1,"119 my kim 2 - phu my hung, phuong tan phong, quan 7, tp ho chi minh",0.8269230769230769,0.09615384615384616,0,0.024691358024691357,0.0,3,0,1
1,"102 duong so 1, khu dan cu trung son, xa binh hung, huyen binh chanh, tp ho chi minh",0.8787878787878788,0.06060606060606061,0,0.04938271604938271,0.0,3,0,1
1,"22 duong so 33, khu pho cho an duong vuong, phuong 10, quan 6, tp ho chi minh",0.8166666666666667,0.11666666666666667,0,0.04938271604938271,0.0,3,0,1
1,"293/21 tung thien vuong, phuong 11, quan 8, tp ho chi minh",0.7446808510638298,0.1702127659574468,0,0.024691358024691357,0.0,3,0,1
1,"490/49/31a huong lo 2, khu pho 2, phuong binh tri dong, quan binh tan, tp ho chi minh",0.7794117647058824,0.1323529411764706,0,0.04938271604938271,0.0,3,0,1
1,"22/17e huynh dinh hai, phuong 24, quan binh thanh, tp ho chi minh",0.8113207547169812,0.11320754716981132,0,0.024691358024691357,0.0,3,0,1
1,"130/30 duong 11, phuong truong tho, quan thu duc, tp ho chi minh",0.7884615384615384,0.1346153846153846,0,0.037037037037037035,0.0,3,0,1
1,"416 phan van tri, phuong 7, quan go vap, tp ho chi minh",0.8372093023255814,0.09302325581395349,0,0.024691358024691357,0.0,3,0,1
1,"489 an duong vuong, khu pho 4, phuong an lac a, quan binh tan, tp ho chi minh",0.8666666666666667,0.06666666666666667,0,0.04938271604938271,0.0,3,0,1
1,"so 84 duong van my, phuong van my, quan ngo quyen, hai phong",0.8958333333333334,0.041666666666666664,0,0.037037037037037035,0.0,3,1,0
1,"so 763 nguyen binh khiem, phuong dong hai 1, quan hai an, hai phong",0.8703703703703703,0.07407407407407407,0,0.024691358024691357,0.0,4,1,0
1,"thon kieu trung (tai nha ong nguyen van minh), xa hong thai, huyen an duong, hai phong",0.9285714285714286,0.0,0,0.037037037037037035,0.0,0,1,0
1,"so 70 phu xa, phuong dong hai 1, quan hai an, hai phong",0.8604651162790697,0.06976744186046512,0,0.024691358024691357,0.0,3,1,0
1,"so 1 to dan pho luong khe 4, phuong trang cat, quan hai an, hai phong",0.9074074074074074,0.037037037037037035,0,0.037037037037037035,0.0,2,1,0
1,"so 311 duong phuc dien, phuong xuan phuong, quan nam tu liem, ha noi",0.8909090909090909,0.05454545454545454,0,0.037037037037037035,0.0,4,1,0
1,"so 3, ngach 8/11/36/105 duong le quang dao, phuong phu do, quan nam tu liem, ha noi",0.7611940298507462,0.13432835820895522,0,0.04938271604938271,0.0,3,1,0
1,"so nha 3, ngach 8/151/24, ngo 8 le quang dao, phuong phu do, quan nam tu liem, ha noi",0.7761194029850746,0.11940298507462686,0,0.037037037037037035,0.0,3,1,0
1,"so 42f/492 thien loi, phuong vinh niem, quan le chan, hai phong",0.8269230769230769,0.09615384615384616,0,0.024691358024691357,0.0,3,1,0
1,"so 45 duong pham tu nghi, phuong vinh niem, quan le chan, hai phong",0.9074074074074074,0.037037037037037035,0,0.037037037037037035,0.0,3,1,0
1,"so 935 thien loi, phuong kenh duong, quan le chan, hai phong",0.8775510204081632,0.061224489795918366,0,0.037037037037037035,0.0,4,1,0
1,"so 313, ngo 192, pho le trong tan, phuong dinh cong, quan hoang mai, ha noi",0.8166666666666667,0.1,0,0.024691358024691357,0.0,4,1,0
1,"so 58, ngo 364, duong giai phong, phuong thinh liet, quan hoang mai, ha noi",0.8360655737704918,0.08196721311475409,0,0.037037037037037035,0.0,4,1,0
1,"so 1, ngo 45, pho giap nhi, phuong giap bat, quan hoang mai, ha noi",0.8490566037735849,0.05660377358490566,0,0.024691358024691357,0.0,3,1,0
1,"so 27, to 11, ngo 262b duong nguyen trai, phuong thanh xuan trung, quan thanh xuan, ha noi",0.8356164383561644,0.0958904109589041,0,0.04938271604938271,0.0,4,1,0
1,"so 178 khuong dinh, phuong ha dinh, quan thanh xuan, ha noi",0.875,0.0625,0,0.024691358024691357,0.0,4,1,0
1,"so nha 217 duong vu huu, phuong thanh xuan bac, quan thanh xuan, ha noi",0.8947368421052632,0.05263157894736842,0,0.037037037037037035,0.0,4,1,0
1,"so 307 hoang hoa tham, phuong lieu giai, quan ba dinh, ha noi",0.8775510204081632,0.061224489795918366,0,0.024691358024691357,0.0,4,1,0
1,"so 35, ngach 4/3, pho o cach, phuong duc giang, quan long bien, ha noi",0.8214285714285714,0.07142857142857142,0,0.037037037037037035,0.0,3,1,0
1,"so nha 16, ngach 78, ngo 96, duong ngo gia tu, phuong viet hung, quan long bien, ha noi",0.8260869565217391,0.08695652173913043,0,0.04938271604938271,0.0,3,1,0
1,"so 259 nguyen van cu, phuong ngoc lam, quan long bien, ha noi",0.8775510204081632,0.061224489795918366,0,0.024691358024691357,0.0,4,1,0
1,"so nha 726, pho minh khai, phuong vinh tuy, quan hai ba trung, ha noi",0.8727272727272727,0.05454545454545454,0,0.024691358024691357,0.0,4,1,0
1,"so 17 ngo 38 de to hoang, phuong cau den, quan hai ba trung, ha noi",0.8653846153846154,0.07692307692307693,0,0.037037037037037035,0.0,3,1,0
1,"so 40, pho dai co viet, phuong le dai hanh, quan hai ba trung, ha noi",0.8888888888888888,0.037037037037037035,0,0.024691358024691357,0.0,3,1,0
1,"lo 3 - 3/2 - 151a nguyen duc canh, phuong tuong mai, quan hoang mai, ha noi",0.7966101694915254,0.1016949152542373,0,0.024691358024691357,0.0,4,1,0
1,"so nha 12, ngo doc lap, duong de bat trang, to 4, phuong cu khoi, quan long bien, ha noi",0.8695652173913043,0.043478260869565216,0,0.06172839506172839,0.0,3,1,0
1,"so 620 ngo gia tu, to 11, phuong duc giang, quan long bien, ha noi",0.8269230769230769,0.09615384615384616,0,0.037037037037037035,0.0,4,1,0
1,"so 251 ngoc thuy, phuong ngoc thuy, quan long bien, ha noi",0.8723404255319149,0.06382978723404255,0,0.024691358024691357,0.0,4,1,0
1,"so 44b, ngach 163/3, pho tu dinh, phuong long bien, quan long bien, ha noi",0.8,0.1,0,0.037037037037037035,0.0,4,1,0
1,"so 14, ngo 208 doi can, phuong doi can, quan ba dinh, ha noi",0.8085106382978723,0.10638297872340426,0,0.024691358024691357,0.0,4,1,0
1,"so 18, ngo 647, duong lac long quan, phuong xuan la, quan tay ho, ha noi",0.8245614035087719,0.08771929824561403,0,0.037037037037037035,0.0,4,1,0
1,"so 7, ngo 97 duong nguyen dong chi, phuong cau dien, quan nam tu liem, ha noi",0.8852459016393442,0.04918032786885246,0,0.037037037037037035,0.0,3,1,0
1,"phong 2501-2, tang 25, toa nha keangnam hanoi landmark tower, phuong me tri, quan nam tu liem, ha noi",0.8433734939759037,0.08433734939759036,0,0.037037037037037035,0.0,5,1,0
1,"so 31 ngo 16 duong co nhue, phuong co nhue 2, quan bac tu liem, ha noi",0.8518518518518519,0.09259259259259259,0,0.037037037037037035,0.0,3,1,0
1,"so 9 lo a, khu 7,2 ha, pho vinh phuc, phuong vinh phuc, quan ba dinh, ha noi",0.847457627118644,0.05084745762711865,0,0.04938271604938271,0.0,2,1,0
1,"bai dinh, thon yen quan, xa tan phu, huyen quoc oai, ha noi",0.9148936170212766,0.0,0,0.037037037037037035,0.0,0,1,0
1,"so 6a, to dan pho 7, phuong mo lao, quan ha dong, ha noi",0.8604651162790697,0.046511627906976744,0,0.037037037037037035,0.0,2,1,0
1,"so 31 lien ke 12 khu do thi van phu, phuong phu la, quan ha dong, ha noi",0.8727272727272727,0.07272727272727272,0,0.037037037037037035,0.0,3,1,0
1,"to dan pho 12, phuong yen nghia, quan ha dong, ha noi",0.8809523809523809,0.047619047619047616,0,0.024691358024691357,0.0,3,1,0
1,"tang 5 + tang 17, toa nha hanoi greative city, so 1 luong ye, phuong bach dang, quan hai ba trung, ha noi",0.8795180722891566,0.04819277108433735,0,0.04938271604938271,0.0,3,1,0
1,"so 51 pho mac thai to, phuong yen hoa, quan cau giay, ha noi",0.8936170212765957,0.0425531914893617,0,0.037037037037037035,0.0,3,1,0
1,"so 8 - d5a, khu vuon dao, ngo 679 lac long quan, phuong phu thuong, quan tay ho, ha noi",0.8382352941176471,0.07352941176470588,0,0.037037037037037035,0.0,4,1,0
1,"so 12, ngach 3/36 cu chinh lan, phuong khuong mai, quan thanh xuan, ha noi",0.8333333333333334,0.08333333333333333,0,0.037037037037037035,0.0,3,1,0
1,"so 23, ngo 17, duong xuan la, phuong xuan la, quan tay ho, ha noi",0.8235294117647058,0.0784313725490196,0,0.037037037037037035,0.0,3,1,0
1,"p502, toa nha thanh ha, cc2 bac linh dam, phuong dai kim, quan hoang mai, ha noi",0.859375,0.0625,0,0.024691358024691357,0.0,3,1,0
1,"so nha 4, ngo 6, duong giap nhi, phuong thinh liet, quan hoang mai, ha noi",0.8813559322033898,0.03389830508474576,0,0.037037037037037035,0.0,2,1,0
1,"so 121 nguyen luong bang, phuong nam dong, quan dong da, ha noi",0.8823529411764706,0.058823529411764705,0,0.024691358024691357,0.0,4,1,0
1,"toa nha housinco phung khoang, khu do thi moi phung khoang, phuong trung van, quan nam tu liem, ha noi",0.9518072289156626,0.0,0,0.037037037037037035,0.0,0,1,0
1,"lo so 6, cn 6, kcn khai quang, phuong khai quang, thanh pho vinh yen, vinh phuc",0.8888888888888888,0.031746031746031744,0,0.04938271604938271,0.0,2,1,0
1,"so nha 18 duong nguyen thi minh khai, phuong hoi hop, thanh pho vinh yen, vinh phuc",0.9253731343283582,0.029850746268656716,0,0.037037037037037035,0.0,3,1,0
1,"khu 01- vong son, xa trieu de, huyen lap thach, vinh phuc",0.8695652173913043,0.043478260869565216,0,0.024691358024691357,0.0,3,1,0
1,"so nha 65, ngo 49 duong trung tam, phuong hoi hop, thanh pho vinh yen, vinh phuc",0.875,0.0625,0,0.037037037037037035,0.0,3,1,0
1,"thon gia bang, xa te lo, huyen yen lac, vinh phuc",0.9230769230769231,0.0,0,0.037037037037037035,0.0,0,1,0
1,"phong 305, khu chung cu bao quan, phuong khai quang, thanh pho vinh yen, vinh phuc",0.8955223880597015,0.04477611940298507,0,0.037037037037037035,0.0,4,1,0
1,"thon tan long, xa ho son, huyen tam dao, vinh phuc",0.925,0.0,0,0.024691358024691357,0.0,0,1,0
1,"so 19, ngo 01 duong tran phu, phuong lien bao, thanh pho vinh yen, vinh phuc",0.8688524590163934,0.06557377049180328,0,0.037037037037037035,0.0,3,1,0
1,"thon gia bang, xa te lo, huyen yen lac, vinh phuc",0.9230769230769231,0.0,0,0.037037037037037035,0.0,0,1,0
1,"so 221 tran hung dao, phuong tien an, thanh pho bac ninh, bac ninh",0.8867924528301887,0.05660377358490566,0,0.024691358024691357,0.0,4,1,0
1,"thon dai son (nr: nguyen dang duong), xa hoan son, huyen tien du, bac ninh",0.9,0.0,0,0.037037037037037035,0.0,0,1,0
1,"can biet thu bt19, khu biet thu kinh do, khu pho binh hoa, phuong lai thieu, tx thuan an, binh duong",0.9125,0.025,0,0.037037037037037035,0.0,2,1,0
1,"so 18 le duan, thi tran con dao, huyen con dao, ba ria - vung tau",0.88,0.04,0,0.037037037037037035,0.0,3,1,0
1,"lo dat so iv-3, iv-4 khu cong nghiep my xuan b1-tien hung, xa my xuan, huyen tan thanh, ba ria - vung tau",0.8674698795180723,0.03614457831325301,0,0.04938271604938271,0.0,1,1,0
1,"125/5 ap nhan tam, xa xuyen moc, huyen xuyen moc, ba ria - vung tau",0.8301886792452831,0.07547169811320754,0,0.024691358024691357,0.0,3,0,1
1,"so 42 luong van can, phuong 2, thanh pho vung tau, ba ria - vung tau",0.8679245283018868,0.05660377358490566,0,0.024691358024691357,0.0,3,1,0
1,"nha ong chiu quay chan - thon lang ngang, xa quang an, huyen dam ha, quang ninh",0.9365079365079365,0.0,0,0.024691358024691357,0.0,0,1,0
1,"thua dat so 273, 274, 305, to ban do so 12, khu pho vinh phu, thi xa tan uyen, binh duong",0.7536231884057971,0.15942028985507245,0,0.07407407407407407,0.0,4,1,0
1,"thua dat 153 , to ban do so 47 , khu 7, phuong phu hoa, thanh pho thu dau mot, binh duong",0.8382352941176471,0.08823529411764706,0,0.07407407407407407,0.0,4,1,0
1,"so 170, ap 7, xa vi trung, huyen vi thuy, hau giang",0.8,0.1,0,0.037037037037037035,0.0,4,1,0
1,"so 33 - 35, duong 3/2 khu vuc 3, phuong v, tp vi thanh, hau giang",0.74,0.14,0,0.04938271604938271,0.0,3,1,0
1,"khu do thi ha khanh a, phuong cao xanh, thanh pho ha long, quang ninh",0.9454545454545454,0.0,0,0.024691358024691357,0.0,0,1,0
1,"so nha 25, pho hoa lac, phuong hoa lac, thanh pho mong cai, quang ninh",0.8928571428571429,0.03571428571428571,0,0.024691358024691357,0.0,3,1,0
1,"bac phong sinh, xa quang duc, huyen hai ha, quang ninh",0.9318181818181818,0.0,0,0.012345679012345678,0.0,0,1,0
1,"so nha 29 duong le hong phong, phuong tan tien, tp.buon ma thuot, dac lac",0.8983050847457628,0.03389830508474576,0,0.037037037037037035,0.0,3,1,0
1,"khu 5a, thi tran than uyen, huyen than uyen, lai chau",0.9069767441860465,0.023255813953488372,0,0.037037037037037035,0.0,2,1,0
1,"so 146, ap nhon xuan, thi tran mot ngan, huyen chau thanh a, hau giang",0.875,0.05357142857142857,0,0.04938271604938271,0.0,4,1,0
1,"so 167 duong tran phu, phuong phu ha, tp. phan rang-thap cham, ninh thuan",0.8666666666666667,0.05,0,0.037037037037037035,0.0,4,1,0
1,"duong 702, thon khanh nhon 1, xa nhon hai, huyen ninh hai, ninh thuan",0.8571428571428571,0.07142857142857142,0,0.037037037037037035,0.0,4,1,0
1,"so 188/27 thong nhat, khu pho 5, phuong phu ha, tp. phan rang-thap cham, ninh thuan",0.8088235294117647,0.08823529411764706,0,0.037037037037037035,0.0,4,1,0
1,"so 026, to 1, phuong song hien, thanh pho cao bang, cao bang",0.8333333333333334,0.08333333333333333,0,0.037037037037037035,0.0,4,1,0
1,"thon tan son, xa hoa son, huyen luong son, hoa binh",0.926829268292683,0.0,0,0.024691358024691357,0.0,0,1,0
1,"o 6, lo 17, khu dan cu phuoc hoa, xa phuoc hoa, huyen phu giao, binh duong",0.8620689655172413,0.05172413793103448,0,0.04938271604938271,0.0,3,1,0
1,"thua dat so 1322, to ban do so 02, duong dt 743, khu pho chi, tx di an, binh duong",0.7777777777777778,0.14285714285714285,0,0.07407407407407407,0.0,5,1,0
1,"thua dat 199 , to ban do so 11 , khu pho binh hoa 1, phuong tan phuoc khanh, thi xa tan uyen, binh duong",0.8625,0.075,0,0.07407407407407407,0.0,4,1,0
1,"so 30b huynh thuc khang, phuong 3, tp tuy hoa, phu yen",0.8604651162790697,0.06976744186046512,0,0.024691358024691357,0.0,3,1,0
1,"thon truong thu, xa tan phong, huyen binh xuyen, vinh phuc",0.9375,0.0,0,0.024691358024691357,0.0,0,1,0
1,"so nha 670, duong hung vuong, phuong dong tam, thanh pho vinh yen, vinh phuc",0.8870967741935484,0.04838709677419355,0,0.037037037037037035,0.0,4,1,0
1,"so nha 131, duong tran phu, xuan yen, phuong phuc thang, thi xa phuc yen, vinh phuc",0.8805970149253731,0.04477611940298507,0,0.037037037037037035,0.0,4,1,0
1,"so 4/49 nguyen son, phuong dong ve, thanh pho thanh hoa, thanh hoa",0.8703703703703703,0.05555555555555555,0,0.024691358024691357,0.0,2,1,0
1,"duong ho nguyen trung, thon 5, xa loc ninh, thanh pho dong hoi, quang binh",0.9166666666666666,0.016666666666666666,0,0.037037037037037035,0.0,2,1,0
1,"so 57/5 ngo duc ke, phuong 7, thanh pho vung tau, ba ria - vung tau",0.8269230769230769,0.07692307692307693,0,0.024691358024691357,0.0,3,1,0
1,"thon van hanh, thi tran phu my, huyen tan thanh, ba ria - vung tau",0.9230769230769231,0.0,0,0.037037037037037035,0.0,0,1,0
1,"so 285 mac dinh chi, phuong 4, thanh pho soc trang, soc trang",0.8571428571428571,0.08163265306122448,0,0.024691358024691357,0.0,4,1,0
1,"so 3 tran phu, ap tra quyt a, thi tran chau thanh, huyen chau thanh, soc trang",0.9193548387096774,0.016129032258064516,0,0.04938271604938271,0.0,2,1,0
1,"nr ong nguyen van loc, khu phuong vy, phuong vu ninh, thanh pho bac ninh, bac ninh",0.9393939393939394,0.0,0,0.024691358024691357,0.0,0,1,0
1,"lo 15-lk6 khu do thi moi duong le thai to, phuong vo cuong, thanh pho bac ninh, bac ninh",0.9,0.04285714285714286,0,0.06172839506172839,0.0,3,1,0
1,"lo b5-9 cum cong nghiep chau khe, phuong chau khe, thi xa tu son, bac ninh",0.8983050847457628,0.03389830508474576,0,0.024691358024691357,0.0,1,1,0
1,"so nha 51a- kim lan, duong ho ngoc lan, phuong kinh bac, thanh pho bac ninh, bac ninh",0.8970588235294118,0.029411764705882353,0,0.037037037037037035,0.0,3,1,0
1,"( thue nha nguyen van tan) duong luong dinh cua, khu bo son, phuong vo cuong, thanh pho bac ninh, bac ninh",0.9294117647058824,0.0,0,0.037037037037037035,0.0,0,0,0
1,"so 95, tran phu, khom 2, phuong 1, thanh pho sa dec, dong thap",0.8163265306122449,0.08163265306122448,0,0.037037037037037035,0.0,3,1,0
1,"so 209, ap tay my, xa my hoi, huyen cao lanh, dong thap",0.8372093023255814,0.06976744186046512,0,0.037037037037037035,0.0,4,1,0
1,"to 3, ap cay thong ngoai, xa cua duong, huyen phu quoc, kien giang",0.9056603773584906,0.018867924528301886,0,0.04938271604938271,0.0,2,1,0
1,"so 282 duong nguyen trung truc, khu pho 5, thi tran duong dong, huyen phu quoc, kien giang",0.8904109589041096,0.0547945205479452,0,0.06172839506172839,0.0,4,1,0
1,"to 6, ap 4, xa cua can, huyen phu quoc, kien giang",0.8461538461538461,0.05128205128205128,0,0.037037037037037035,0.0,2,1,0
1,"2/117b1, mau than, phuong an hoa, quan ninh kieu, can tho",0.7872340425531915,0.10638297872340426,0,0.012345679012345678,0.0,3,0,1
1,"93, ly thuong kiet, phuong 6, thanh pho ca mau, ca mau",0.8372093023255814,0.06976744186046512,0,0.012345679012345678,0.0,2,0,1
1,"nha ong hung, thon vi giang, xa chi hoa, huyen hung ha, thai binh",0.9230769230769231,0.0,0,0.024691358024691357,0.0,0,1,0
1,"ap tram lac, xa my hanh bac, huyen duc hoa, long an",0.925,0.0,0,0.024691358024691357,0.0,0,1,0
1,"lo j7, duong so 5, kcn hai son (gd 3+4), xa duc hoa ha, huyen duc hoa, long an",0.8,0.06666666666666667,0,0.04938271604938271,0.0,2,1,0
1,"kcn hai son (gd 3+4), ap binh tien 2, xa duc hoa ha, huyen duc hoa, long an",0.8275862068965517,0.05172413793103448,0,0.037037037037037035,0.0,2,1,0
1,"khu vuc 3, thi tran duc hoa, huyen duc hoa, long an",0.9,0.025,0,0.037037037037037035,0.0,2,1,0
1,"74 duong tinh lo 831, ap kinh moi, xa vinh thuan, huyen vinh hung, long an",0.847457627118644,0.0847457627118644,0,0.04938271604938271,0.0,4,0,1
1,"so 02, tinh lo 848, ap phu long, xa tan phu dong, thanh pho sa dec, dong thap",0.8333333333333334,0.08333333333333333,0,0.04938271604938271,0.0,4,1,0
1,"lo 61,62 khu tdc a3, vien co cham den cong ty song thu, phuong binh thuan, quan hai chau, da nang",0.8701298701298701,0.06493506493506493,0,0.037037037037037035,0.0,3,1,0
1,"58 bui vinh, phuong hoa tho dong, quan cam le, da nang",0.8837209302325582,0.046511627906976744,0,0.012345679012345678,0.0,2,0,1
1,"thon phu thon, xa tan khanh, huyen vu ban, nam dinh",0.926829268292683,0.0,0,0.024691358024691357,0.0,0,1,0
1,"so nha 124 tran hung dao, thi tran ke sat, huyen binh giang, hai duong",0.8928571428571429,0.05357142857142857,0,0.04938271604938271,0.0,4,1,0
1,"29 duong 449, phuong tang nhon phu a, quan 9, tp ho chi minh",0.8085106382978723,0.1276595744680851,0,0.04938271604938271,0.0,4,0,1
1,"419/4 phan xich long, phuong 02, quan phu nhuan, tp ho chi minh",0.803921568627451,0.11764705882352941,0,0.024691358024691357,0.0,3,0,1
1,"95/94/4 khu pho 1, phuong tan kieng, quan 7, tp ho chi minh",0.7446808510638298,0.14893617021276595,0,0.037037037037037035,0.0,2,0,1
1,"326/67 bui minh truc, phuong 6, quan 8, tp ho chi minh",0.7441860465116279,0.16279069767441862,0,0.024691358024691357,0.0,3,0,1
1,"184/3/6b21 nguyen xi, phuong 26, quan binh thanh, tp ho chi minh",0.7358490566037735,0.16981132075471697,0,0.024691358024691357,0.0,3,0,1
1,"so 8 nguyen huu tien, phuong tay thanh, quan tan phu, tp ho chi minh",0.9259259259259259,0.018518518518518517,0,0.037037037037037035,0.0,2,1,0
1,"so 616/39/29 le duc tho, phuong 15, quan go vap, tp ho chi minh",0.72,0.18,0,0.037037037037037035,0.0,4,1,0
1,"so 6 phu huu, phuong 14, quan 5, tp ho chi minh",0.8055555555555556,0.1111111111111111,0,0.037037037037037035,0.0,3,1,0
1,"phong 702a, tang 7, toa nha centre point, 106 nguyen van tro, phuong 08, quan phu nhuan, tp ho chi minh",0.8192771084337349,0.10843373493975904,0,0.04938271604938271,0.0,4,1,0
1,"so 166 duong so 1, phuong tan phu, quan 7, tp ho chi minh",0.8181818181818182,0.11363636363636363,0,0.037037037037037035,0.0,4,1,0
1,"128/2a le dinh can, khu pho 10, phuong tan tao, quan binh tan, tp ho chi minh",0.819672131147541,0.09836065573770492,0,0.037037037037037035,0.0,3,0,1
1,"tang 8, toa nha vietnam business center, so 57-59 ho tung ma, phuong ben nghe, quan 1, tp ho chi minh",0.8518518518518519,0.07407407407407407,0,0.06172839506172839,0.0,3,1,0
1,"1/3d to 3, ap hung lan, xa ba diem, huyen hoc mon, tp ho chi minh",0.84,0.06,0,0.04938271604938271,0.0,2,0,1
1,"103 nguyen van troi, phuong 12, quan phu nhuan, tp ho chi minh",0.84,0.1,0,0.024691358024691357,0.0,3,0,1
1,"48 tran quy khoach, phuong tan dinh, quan 1, tp ho chi minh",0.8723404255319149,0.06382978723404255,0,0.024691358024691357,0.0,2,0,1
1,"52, duong khu tai thiet hoang dieu, phuong 08, quan 4, tp ho chi minh",0.8363636363636363,0.09090909090909091,0,0.04938271604938271,0.0,3,0,1
1,"48 ton dan, phuong 13, quan 4, tp ho chi minh",0.7714285714285715,0.14285714285714285,0,0.024691358024691357,0.0,3,0,1
1,"2867/68/15 quoc lo 1a, khu pho 6a, phuong tan thoi nhat, quan 12, tp ho chi minh",0.71875,0.1875,0,0.04938271604938271,0.0,4,0,1
1,"637/39/15 quang trung, phuong 11, quan go vap, tp ho chi minh",0.72,0.18,0,0.024691358024691357,0.0,3,0,1
1,"so 5 duong so 8, khu cu xa dai ra da phu lam, phuong 13, quan 6, tp ho chi minh",0.847457627118644,0.0847457627118644,0,0.04938271604938271,0.0,3,1,0
1,"152/33 ly thanh tong, phuong hiep tan, quan tan phu, tp ho chi minh",0.8333333333333334,0.09259259259259259,0,0.024691358024691357,0.0,3,0,1
1,"281 ung van khiem, phuong 25, quan binh thanh, tp ho chi minh",0.8367346938775511,0.10204081632653061,0,0.024691358024691357,0.0,3,0,1
1,"l14-08b toa nha vincom, so 72 le thanh ton, phuong ben nghe, quan 1, tp ho chi minh",0.8181818181818182,0.10606060606060606,0,0.04938271604938271,0.0,3,1,0
1,"tang 1, toa nha packsimex, 52 dong du, phuong ben nghe, quan 1, tp ho chi minh",0.8548387096774194,0.06451612903225806,0,0.04938271604938271,0.0,3,1,0
1,"182 cong quynh, phuong pham ngu lao, quan 1, tp ho chi minh",0.851063829787234,0.0851063829787234,0,0.024691358024691357,0.0,3,0,1
1,"12-14 duong so 6, khu dan cu huong lo 5, phuong an lac, quan binh tan, tp ho chi minh",0.8333333333333334,0.09090909090909091,0,0.06172839506172839,0.0,2,0,1
1,"84/68 duong tan son nhi, phuong tan son nhi, quan tan phu, tp ho chi minh",0.8620689655172413,0.06896551724137931,0,0.037037037037037035,0.0,2,0,1
1,"to 3, khu 8, phuong hong ha, thanh pho ha long, quang ninh",0.8695652173913043,0.043478260869565216,0,0.037037037037037035,0.0,2,1,0
1,"to 2, khu 6, phuong hong hai, thanh pho ha long, quang ninh",0.8723404255319149,0.0425531914893617,0,0.037037037037037035,0.0,2,1,0
1,"to 6, khu tan lap 3, phuong cam thuy, thanh pho cam pha, quang ninh",0.8867924528301887,0.03773584905660377,0,0.037037037037037035,0.0,2,1,0
1,"van phong giao dich: lau 2, so 199/5, kp 2, phuong tan mai, thanh pho bien hoa, dong nai",0.8142857142857143,0.08571428571428572,0,0.04938271604938271,0.0,4,1,0
1,"184/31 phan dinh phung, phuong trung dung, thanh pho bien hoa, dong nai",0.847457627118644,0.0847457627118644,0,0.012345679012345678,0.0,3,0,1
1,"118/76 duong so 8, phuong binh hung hoa b, quan binh tan, tp ho chi minh",0.8245614035087719,0.10526315789473684,0,0.037037037037037035,0.0,3,0,1
1,"108/5 phan van hon, ap 5, xa xuan thoi thuong, huyen hoc mon, tp ho chi minh",0.8333333333333334,0.08333333333333333,0,0.037037037037037035,0.0,3,0,1
1,"a30/14, duong quoc lo 50, ap 1, xa binh hung, huyen binh chanh, tp ho chi minh",0.7903225806451613,0.11290322580645161,0,0.06172839506172839,0.0,3,1,0
1,"c5/20 duong pham hung, xa binh hung, huyen binh chanh, tp ho chi minh",0.875,0.05357142857142857,0,0.037037037037037035,0.0,2,1,0
1,"502d/24 hung phu, phuong 9, quan 8, tp ho chi minh",0.725,0.175,0,0.024691358024691357,0.0,3,0,1
1,"so 27, duong 84 cao lo, phuong 4, quan 8, tp ho chi minh",0.7674418604651163,0.13953488372093023,0,0.06172839506172839,0.0,3,1,0
1,"113 duong nguyen cao, khu pho my kim 1, phuong tan phong, quan 7, tp ho chi minh",0.8571428571428571,0.07936507936507936,0,0.04938271604938271,0.0,3,0,1
1,"696 tinh lo 43, kp 3, phuong tam binh, quan thu duc, tp ho chi minh",0.8076923076923077,0.11538461538461539,0,0.04938271604938271,0.0,3,0,1
1,"6b nhat chi mai, phuong 13, quan tan binh, tp ho chi minh",0.8666666666666667,0.06666666666666667,0,0.024691358024691357,0.0,3,0,1
1,"p1002, w1, sunrise city - central, 25 nguyen huu tho, phuong tan hung, quan 7, tp ho chi minh",0.8,0.10666666666666667,0,0.024691358024691357,0.0,4,1,0
1,"so 22, duong huynh tinh cua, phuong 08, quan 3, tp ho chi minh",0.8163265306122449,0.10204081632653061,0,0.04938271604938271,0.0,3,1,0
1,"133/60/3 duong ni su huynh lien, phuong 10, quan tan binh, tp ho chi minh",0.7796610169491526,0.13559322033898305,0,0.037037037037037035,0.0,3,0,1
1,"64/6a ap 3, xa dong thanh, huyen hoc mon, tp ho chi minh",0.8181818181818182,0.09090909090909091,0,0.037037037037037035,0.0,2,0,1
1,"348/7 nguyen van tang, phuong long thanh my, quan 9, tp ho chi minh",0.8333333333333334,0.09259259259259259,0,0.037037037037037035,0.0,3,0,1
1,"105/8b duong 385, khu pho 6, phuong tang nhon phu a, quan 9, tp ho chi minh",0.7627118644067796,0.15254237288135594,0,0.06172839506172839,0.0,4,0,1
1,"330-332 vo van tan, phuong 05, quan 3, tp ho chi minh",0.6904761904761905,0.21428571428571427,0,0.024691358024691357,0.0,3,0,1
1,"363a, le van sy, phuong 2, quan tan binh, tp ho chi minh",0.8181818181818182,0.09090909090909091,0,0.024691358024691357,0.0,3,0,1
1,"lau 2, 62a pham ngoc thach, phuong 06, quan 3, tp ho chi minh",0.7916666666666666,0.125,0,0.037037037037037035,0.0,3,1,0
1,"483 phan van tri, phuong 5, quan go vap, tp ho chi minh",0.8372093023255814,0.09302325581395349,0,0.024691358024691357,0.0,3,0,1
1,"320/31 doc lap, phuong tan quy, quan tan phu, tp ho chi minh",0.8125,0.10416666666666667,0,0.024691358024691357,0.0,3,0,1
1,"159/52/61 duong tran van dang, phuong 11, quan 3, tp ho chi minh",0.7115384615384616,0.19230769230769232,0,0.037037037037037035,0.0,3,0,1
1,"592 dien bien phu, phuong 22, quan binh thanh, tp ho chi minh",0.8367346938775511,0.10204081632653061,0,0.024691358024691357,0.0,3,0,1
1,"294/16 duong ba thang hai, phuong 12, quan 10, tp ho chi minh",0.7346938775510204,0.1836734693877551,0,0.037037037037037035,0.0,3,0,1
1,"1 duong so 5, khu dan cu nam long, phuong an lac, quan binh tan, tp ho chi minh",0.9016393442622951,0.03278688524590164,0,0.04938271604938271,0.0,2,0,1
1,"25/9 duong 5, khu pho 5, phuong truong tho, quan thu duc, tp ho chi minh",0.8245614035087719,0.08771929824561403,0,0.04938271604938271,0.0,2,0,1
1,"16 duong so 14, phuong phu my, quan 7, tp ho chi minh",0.8048780487804879,0.12195121951219512,0,0.037037037037037035,0.0,3,0,1
1,"nha so 116-118 ngo 205 duong xuan dinh, phuong xuan tao, quan bac tu liem, ha noi",0.8,0.13846153846153847,0,0.037037037037037035,0.0,4,1,0
1,"so 5 ngach 639/14 hoang hoa tham, phuong vinh phuc, quan ba dinh, ha noi",0.8275862068965517,0.10344827586206896,0,0.037037037037037035,0.0,4,1,0
1,"so 11, ngo 330 duong dai mo, phuong dai mo, quan nam tu liem, ha noi",0.8301886792452831,0.09433962264150944,0,0.037037037037037035,0.0,4,1,0
1,"so 17, ngo 8, ngach 11/36 duong le quang dao, phuong phu do, quan nam tu liem, ha noi",0.8059701492537313,0.1044776119402985,0,0.04938271604938271,0.0,3,1,0
1,"so 9, ngo 120, duong tran binh, phuong my dinh 2, quan nam tu liem, ha noi",0.8275862068965517,0.08620689655172414,0,0.037037037037037035,0.0,4,1,0
1,"so 49, ngo 689, duong pham van dong, phuong co nhue 1, quan bac tu liem, ha noi",0.8225806451612904,0.0967741935483871,0,0.037037037037037035,0.0,4,1,0
1,"so 254 hoang van thai, phuong khuong trung, quan thanh xuan, ha noi",0.8909090909090909,0.05454545454545454,0,0.024691358024691357,0.0,4,1,0
1,"thon lam ho, xa thanh lam, huyen me linh, ha noi",0.9210526315789473,0.0,0,0.024691358024691357,0.0,0,1,0
1,"so 25, ngo 9, to 3, phuong duc thang, quan bac tu liem, ha noi",0.8125,0.08333333333333333,0,0.037037037037037035,0.0,3,1,0
1,"so 2 ngo 16 duong hoang cau, phuong o cho dua, quan dong da, ha noi",0.8846153846153846,0.057692307692307696,0,0.037037037037037035,0.0,3,1,0
1,"nha 11, ngach 123/5 khuong thuong, phuong khuong thuong, quan dong da, ha noi",0.828125,0.09375,0,0.024691358024691357,0.0,4,1,0
1,"thon xuyen duong, xa xuan duong, huyen thanh oai, ha noi",0.9347826086956522,0.0,0,0.037037037037037035,0.0,0,1,0
1,"so nha 10, ngo 84 de la thanh, phuong phuong lien, quan dong da, ha noi",0.8571428571428571,0.07142857142857142,0,0.024691358024691357,0.0,3,1,0
1,"so 86 ngo 354 truong chinh, phuong khuong thuong, quan dong da, ha noi",0.8596491228070176,0.08771929824561403,0,0.024691358024691357,0.0,4,1,0
1,"so nha 11, to 10, duong nguyen van linh, phuong phuc dong, quan long bien, ha noi",0.8615384615384616,0.06153846153846154,0,0.04938271604938271,0.0,3,1,0
1,"n08-gh18 khu do thi dang xa, xa dang xa, huyen gia lam, ha noi",0.8367346938775511,0.08163265306122448,0,0.024691358024691357,0.0,2,1,0
1,"so 17a, ngo 38 duong quang trung, phuong la khe, quan ha dong, ha noi",0.8545454545454545,0.07272727272727272,0,0.037037037037037035,0.0,3,1,0
1,"so 26, ngo 188 pho vuong thua vu, phuong khuong trung, quan thanh xuan, ha noi",0.8571428571428571,0.07936507936507936,0,0.037037037037037035,0.0,4,1,0
1,"bt6- vi tri 24, kdt xa la, phuong phuc la, quan ha dong, ha noi",0.8367346938775511,0.061224489795918366,0,0.024691358024691357,0.0,3,1,0
1,"cum 2, thon thuan my, xa trach my loc, huyen phuc tho, ha noi",0.8958333333333334,0.020833333333333332,0,0.024691358024691357,0.0,2,1,0
1,"doi 8, xa duong lieu, huyen hoai duc, ha noi",0.8857142857142857,0.02857142857142857,0,0.024691358024691357,0.0,2,1,0
1,"so nha 28, ngo 95 hoang cau, phuong o cho dua, quan dong da, ha noi",0.8461538461538461,0.07692307692307693,0,0.024691358024691357,0.0,3,1,0
1,"so 5, ngach 10/11, pho phao dai lang, phuong lang thuong, quan dong da, ha noi",0.8253968253968254,0.07936507936507936,0,0.037037037037037035,0.0,3,1,0
1,"780/37/180a binh gia, phuong 11, thanh pho vung tau, ba ria - vung tau",0.7192982456140351,0.17543859649122806,0,0.012345679012345678,0.0,3,0,1
1,"so 349 tran hung dao khu vuc 2, phuong i, tp vi thanh, hau giang",0.86,0.08,0,0.037037037037037035,0.0,4,1,0
1,"so 65 - ap long hung, xa long thuong, huyen can giuoc, long an",0.8775510204081632,0.04081632653061224,0,0.037037037037037035,0.0,3,1,0
1,"duong nguyen thi dinh, khu pho 2, thi tran vinh hung, huyen vinh hung, long an",0.9206349206349206,0.015873015873015872,0,0.04938271604938271,0.0,2,1,0
1,"khoi 9, thi tran tan ky, huyen tan ky, nghe an",0.8888888888888888,0.027777777777777776,0,0.037037037037037035,0.0,2,1,0
1,"so 7b, ngo 10 duong ly thuong kiet, phuong le loi, thanh pho vinh, nghe an",0.8813559322033898,0.05084745762711865,0,0.037037037037037035,0.0,3,1,0
1,"xom hung dong, xa tay hieu, thi xa thai hoa, nghe an",0.926829268292683,0.0,0,0.012345679012345678,0.0,0,1,0
1,"25/21a duong so 8, khu pho 1, phuong linh xuan, quan thu duc, tp ho chi minh",0.8166666666666667,0.1,0,0.04938271604938271,0.0,2,0,1
1,"d0.01 - khoi nha d, khu pho riverside residence, phuong tan phu, quan 7, tp ho chi minh",0.8571428571428571,0.05714285714285714,0,0.04938271604938271,0.0,4,1,0
1,"999 dt 824 ap moi 2, xa my hanh nam, huyen duc hoa, long an",0.7777777777777778,0.15555555555555556,0,0.024691358024691357,0.0,4,0,1
1,"ap 1, xa que my thanh, huyen tan tru, long an",0.8857142857142857,0.02857142857142857,0,0.024691358024691357,0.0,2,1,0
1,"ap 1b, xa huu thanh, huyen duc hoa, long an",0.8823529411764706,0.029411764705882353,0,0.024691358024691357,0.0,2,1,0
1,"so 219 ap 1, xa nhut chanh, huyen ben luc, long an",0.8205128205128205,0.10256410256410256,0,0.037037037037037035,0.0,4,1,0
1,"213 huynh chau so, thi tran ben luc, huyen ben luc, long an",0.8723404255319149,0.06382978723404255,0,0.037037037037037035,0.0,3,0,1
1,"so 158 ap 3, xa long hoa, huyen can duoc, long an",0.8157894736842105,0.10526315789473684,0,0.037037037037037035,0.0,4,1,0
1,"so 183 duong ha giang, phuong 1, thanh pho bao loc, lam dong",0.8541666666666666,0.08333333333333333,0,0.037037037037037035,0.0,4,1,0
1,"nha tang le tinh thanh hoa, phuong dong ve, thanh pho thanh hoa, thanh hoa",0.95,0.0,0,0.024691358024691357,0.0,0,1,0
1,"so nha 48, khu pho 2, thi tran quang xuong, huyen quang xuong, thanh hoa",0.8793103448275862,0.05172413793103448,0,0.04938271604938271,0.0,3,1,0
1,"so 503, duong tran dang ninh, phuong quyet tam, tp. son la, son la",0.8490566037735849,0.05660377358490566,0,0.037037037037037035,0.0,4,1,0
1,"ap tan phong (thua dat so 130, to ban do so 03), xa thanh thoi a, huyen mo cay nam, ben tre",0.8428571428571429,0.07142857142857142,0,0.06172839506172839,0.0,4,1,0
1,"tang 9, toa nha viettel, phuong dong huong, thanh pho thanh hoa, thanh hoa",0.9180327868852459,0.01639344262295082,0,0.037037037037037035,0.0,2,1,0
1,"kp vinh long 1, thi tran ben sung, huyen nhu thanh, thanh hoa",0.9183673469387755,0.02040816326530612,0,0.037037037037037035,0.0,2,1,0
1,"so 05/78 ngo quyen, phuong dien bien, thanh pho thanh hoa, thanh hoa",0.8571428571428571,0.07142857142857142,0,0.024691358024691357,0.0,3,1,0
1,"lo a4, mat bang 1988, phuong lam son, thanh pho thanh hoa, thanh hoa",0.8363636363636363,0.09090909090909091,0,0.024691358024691357,0.0,5,1,0
1,"thon dong hai, xa hai hoa, huyen tinh gia, thanh hoa",0.9285714285714286,0.0,0,0.024691358024691357,0.0,0,1,0
1,"ap binh cach, xa tan binh thanh, huyen cho gao, tien giang",0.9361702127659575,0.0,0,0.024691358024691357,0.0,0,1,0
1,"so 06 ly thuong kiet, phuong 4, thanh pho my tho, tien giang",0.875,0.0625,0,0.024691358024691357,0.0,3,1,0
1,"78 hung vuong, phuong loc tho, thanh pho nha trang, khanh hoa",0.9,0.04,0,0.012345679012345678,0.0,2,0,1
1,"so 225/42a duong ngo tat to, phuong 8, thanh pho da lat, lam dong",0.8076923076923077,0.11538461538461539,0,0.04938271604938271,0.0,4,1,0
1,"so 8 bis duong 3 thang 4, phuong 3, thanh pho da lat, lam dong",0.8541666666666666,0.08333333333333333,0,0.037037037037037035,0.0,2,1,0
1,"so 37 duong nguyen van cu, phuong 1, thanh pho da lat, lam dong",0.88,0.06,0,0.037037037037037035,0.0,3,1,0
1,"so 9 duong tang bat ho, phuong 1, thanh pho da lat, lam dong",0.8936170212765957,0.0425531914893617,0,0.04938271604938271,0.0,2,1,0
1,"thon 2, xa dak buk so, huyen tuy duc, dak nong",0.8888888888888888,0.027777777777777776,0,0.037037037037037035,0.0,2,1,0
1,"thon na sung, xa vinh lai, huyen van quan, lang son",0.926829268292683,0.0,0,0.037037037037037035,0.0,0,1,0
1,"so 01 hoang dieu, phuong phuoc hung, thanh pho ba ria, ba ria - vung tau",0.8947368421052632,0.03508771929824561,0,0.024691358024691357,0.0,3,1,0
1,"so 13b, to 1, khu pho 7, thi tran dau tieng, huyen dau tieng, binh duong",0.8421052631578947,0.07017543859649122,0,0.07407407407407407,0.0,3,1,0
1,"118/6 nguyen chi thanh, phuong 03, quan 10, tp ho chi minh",0.7446808510638298,0.1702127659574468,0,0.024691358024691357,0.0,3,0,1
1,"298/22/2 vuon lai, phuong phu tho hoa, quan tan phu, tp ho chi minh",0.7962962962962963,0.1111111111111111,0,0.024691358024691357,0.0,3,0,1
1,"38 ngo chi quoc, khu pho 2, phuong binh chieu, quan thu duc, tp ho chi minh",0.8813559322033898,0.05084745762711865,0,0.037037037037037035,0.0,2,0,1
1,"so 93/41 duong chien luoc, phuong binh tri dong, quan binh tan, tp ho chi minh",0.873015873015873,0.06349206349206349,0,0.04938271604938271,0.0,3,1,0
1,"chau giang, thi tran kien khe, huyen thanh liem, ha nam",0.9333333333333333,0.0,0,0.024691358024691357,0.0,0,1,0
1,"so 3 duong van an, phuong an phu, quan 2, tp ho chi minh",0.8837209302325582,0.046511627906976744,0,0.04938271604938271,0.0,2,1,0
1,"213 bis nam ky khoi nghia, phuong 07, quan phu nhuan, tp ho chi minh",0.8518518518518519,0.09259259259259259,0,0.037037037037037035,0.0,3,0,1
1,"so 20/1/6 duong truc, phuong 13, quan binh thanh, tp ho chi minh",0.7884615384615384,0.11538461538461539,0,0.04938271604938271,0.0,3,1,0
1,"so 95 duong thanh my, phuong 8, quan tan binh, tp ho chi minh",0.875,0.0625,0,0.04938271604938271,0.0,3,1,0
1,"122 binh gia, phuong 13, quan tan binh, tp ho chi minh",0.813953488372093,0.11627906976744186,0,0.024691358024691357,0.0,3,0,1
1,"c9x51 duong pham huu lau, phuong phu my, quan 7, tp ho chi minh",0.86,0.08,0,0.04938271604938271,0.0,2,1,0
1,"650/30 huong lo 2, khu pho 4, phuong binh tri dong a, quan binh tan, tp ho chi minh",0.8153846153846154,0.1076923076923077,0,0.04938271604938271,0.0,3,0,1
1,"tang lung, toa nha an phu plaza, 117-119 ly chinh thang, phuong 07, quan 3, tp ho chi minh",0.7916666666666666,0.125,0,0.04938271604938271,0.0,4,1,0
1,"30 duong d3, khu pho 6, phuong phuoc long b, quan 9, tp ho chi minh",0.8269230769230769,0.09615384615384616,0,0.04938271604938271,0.0,2,0,1
1,"so 37 hoang dieu, phuong 12, quan 4, tp ho chi minh",0.8,0.125,0,0.037037037037037035,0.0,3,1,0
1,"so 206 thong nhat, phuong 16, quan go vap, tp ho chi minh",0.8222222222222222,0.1111111111111111,0,0.037037037037037035,0.0,4,1,0
1,"99/4 trinh thi mieng, ap tam dong, xa thoi tam thon, huyen hoc mon, tp ho chi minh",0.8769230769230769,0.046153846153846156,0,0.04938271604938271,0.0,2,0,1
1,"182/9 duong 26 thang 3, phuong binh hung hoa, quan binh tan, tp ho chi minh",0.8166666666666667,0.11666666666666667,0,0.037037037037037035,0.0,3,0,1
1,"02 duong 11, phuong tan phu, quan 7, tp ho chi minh",0.8,0.125,0,0.037037037037037035,0.0,3,0,1
1,"d54 duong d1, phuong phu my, quan 7, tp ho chi minh",0.825,0.1,0,0.037037037037037035,0.0,2,1,0
1,"174 duong 17 khu pho 5, phuong linh trung, quan thu duc, tp ho chi minh",0.8392857142857143,0.10714285714285714,0,0.04938271604938271,0.0,3,0,1
1,"34/36/5 cao lo, phuong 4, quan 8, tp ho chi minh",0.6842105263157895,0.18421052631578946,0,0.037037037037037035,0.0,2,0,1
1,"219/431 duong so 5, khu pho 7, phuong binh hung hoa, quan binh tan, tp ho chi minh",0.8,0.12307692307692308,0,0.04938271604938271,0.0,3,0,1
1,"b11/2 quoc lo 50, ap 3, xa binh hung, huyen binh chanh, tp ho chi minh",0.8,0.10909090909090909,0,0.04938271604938271,0.0,3,1,0
1,"362/6c ung van khiem, phuong 25, quan binh thanh, tp ho chi minh",0.8076923076923077,0.11538461538461539,0,0.024691358024691357,0.0,3,0,1
1,"71/72 nguyen bac, phuong 3, quan tan binh, tp ho chi minh",0.8043478260869565,0.10869565217391304,0,0.024691358024691357,0.0,2,0,1
1,"so 84 ly nam de, phuong 7, quan 11, tp ho chi minh",0.7894736842105263,0.13157894736842105,0,0.037037037037037035,0.0,3,1,0
1,"so 30/31/28 lam van ben, phuong tan kieng, quan 7, tp ho chi minh",0.7692307692307693,0.1346153846153846,0,0.037037037037037035,0.0,3,1,0
1,"55 vuon chuoi, phuong 04, quan 3, tp ho chi minh",0.7894736842105263,0.13157894736842105,0,0.024691358024691357,0.0,3,0,1
1,"217 duong thach lam, phuong phu thanh, quan tan phu, tp ho chi minh",0.8888888888888888,0.05555555555555555,0,0.037037037037037035,0.0,3,0,1
1,"47/84/8 duong truong luu, khu pho truong luu, phuong long truong, quan 9, tp ho chi minh",0.8333333333333334,0.08333333333333333,0,0.04938271604938271,0.0,2,0,1
1,"15/60 co bac, phuong cau ong lanh, quan 1, tp ho chi minh",0.8,0.1111111111111111,0,0.024691358024691357,0.0,2,0,1
1,"673 thong nhat, phuong 13, quan go vap, tp ho chi minh",0.813953488372093,0.11627906976744186,0,0.024691358024691357,0.0,3,0,1
1,"41 tinh lo 15, ap 1a, xa tan thanh tay, huyen cu chi, tp ho chi minh",0.8269230769230769,0.09615384615384616,0,0.04938271604938271,0.0,3,0,1
1,"so 201, duong binh tien, phuong 08, quan 6, tp ho chi minh",0.782608695652174,0.13043478260869565,0,0.04938271604938271,0.0,4,1,0
1,"152/25a dien bien phu, phuong 25, quan binh thanh, tp ho chi minh",0.7924528301886793,0.1320754716981132,0,0.024691358024691357,0.0,3,0,1
1,"363/38/10/11a duong dat moi, khu pho 5, phuong binh tri dong a, quan binh tan, tp ho chi minh",0.7733333333333333,0.13333333333333333,0,0.04938271604938271,0.0,3,0,1
1,"65/5 quoc lo 1a, phuong tan thoi nhat, quan 12, tp ho chi minh",0.7959183673469388,0.12244897959183673,0,0.037037037037037035,0.0,3,0,1
1,"216 duong so 04, phuong linh trung, quan thu duc, tp ho chi minh",0.8431372549019608,0.09803921568627451,0,0.037037037037037035,0.0,3,0,1
1,"307/2 duong nguyen van troi, phuong 1, quan tan binh, tp ho chi minh",0.8363636363636363,0.09090909090909091,0,0.037037037037037035,0.0,3,0,1
1,"r1-73 hung gia 3, phuong tan phong, quan 7, tp ho chi minh",0.8043478260869565,0.10869565217391304,0,0.024691358024691357,0.0,2,1,0
1,"177b, duong go cat, to 4, khu pho 4, phuong phu huu, quan 9, tp ho chi minh",0.7931034482758621,0.10344827586206896,0,0.06172839506172839,0.0,3,0,1
1,"15 hoang minh giam, phuong 09, quan phu nhuan, tp ho chi minh",0.8571428571428571,0.08163265306122448,0,0.024691358024691357,0.0,3,0,1
1,"140/2 ly chinh thang, phuong 07, quan 3, tp ho chi minh",0.75,0.1590909090909091,0,0.024691358024691357,0.0,3,0,1
1,"110 than nhan trung, phuong 13, quan tan binh, tp ho chi minh",0.8367346938775511,0.10204081632653061,0,0.024691358024691357,0.0,3,0,1
1,"129/73 nguyen van nghi, phuong 7, quan go vap, tp ho chi minh",0.7959183673469388,0.12244897959183673,0,0.024691358024691357,0.0,3,0,1
1,"299/3a ly thuong kiet, phuong 15, quan 11, tp ho chi minh",0.7391304347826086,0.17391304347826086,0,0.024691358024691357,0.0,3,0,1
1,"a10/15a duong cong nghe moi, ap 1, xa vinh loc b, huyen binh chanh, tp ho chi minh",0.8461538461538461,0.07692307692307693,0,0.04938271604938271,0.0,2,1,0
1,"40/27/2 ap 4, xa dong thanh, huyen hoc mon, tp ho chi minh",0.7608695652173914,0.13043478260869565,0,0.037037037037037035,0.0,2,0,1
1,"16/8c bui van ba, phuong tan thuan dong, quan 7, tp ho chi minh",0.84,0.08,0,0.024691358024691357,0.0,2,0,1
1,"525/13 duong le van luong, phuong tan phong, quan 7, tp ho chi minh",0.8148148148148148,0.1111111111111111,0,0.037037037037037035,0.0,3,0,1
1,"so 5a duong 359, khu pho 5, phuong phuoc long b, quan 9, tp ho chi minh",0.8181818181818182,0.10909090909090909,0,0.06172839506172839,0.0,4,1,0
1,"aa56 nguyen luong bang, khu pho canh vien 2, phuong tan phu, quan 7, tp ho chi minh",0.8787878787878788,0.06060606060606061,0,0.037037037037037035,0.0,2,1,0
1,"5/12 duong a, phuong phu thanh, quan tan phu, tp ho chi minh",0.8541666666666666,0.0625,0,0.037037037037037035,0.0,2,0,1
1,"so 60 duong 442, khu dan cu an trang, xa an dong, huyen an duong, hai phong",0.847457627118644,0.0847457627118644,0,0.04938271604938271,0.0,4,1,0
1,"so 14 ngo 52, duong ngo gia tu, phuong cat bi, quan hai an, hai phong",0.8518518518518519,0.07407407407407407,0,0.037037037037037035,0.0,3,1,0
1,"to dan pho ha doan 2 (tai nha ong cao son duc), phuong dong hai 2, quan hai an, hai phong",0.8985507246376812,0.028985507246376812,0,0.024691358024691357,0.0,2,1,0
1,"to dan pho nghia phuong (tai nha ong cao van dai), phuong minh duc, quan do son, hai phong",0.9305555555555556,0.0,0,0.024691358024691357,0.0,0,1,0
1,"so 127 an da, phuong dang giang, quan ngo quyen, hai phong",0.8723404255319149,0.06382978723404255,0,0.024691358024691357,0.0,4,1,0
1,"so 113 duong cat linh, phuong trang cat, quan hai an, hai phong",0.8823529411764706,0.058823529411764705,0,0.037037037037037035,0.0,4,1,0
1,"so 74 hung vuong, phuong thuong ly, quan hong bang, hai phong",0.9,0.04,0,0.024691358024691357,0.0,3,1,0
1,"so 1 nguyen huu cau, phuong van son, quan do son, hai phong",0.9148936170212766,0.02127659574468085,0,0.024691358024691357,0.0,2,1,0
1,"so 52, khu pho dong thai, thi tran vinh bao, huyen vinh bao, hai phong",0.8928571428571429,0.03571428571428571,0,0.04938271604938271,0.0,3,1,0
1,"so 272 pho le thanh tong, phuong may chai, quan ngo quyen, hai phong",0.8909090909090909,0.05454545454545454,0,0.024691358024691357,0.0,4,1,0
1,"thon dong bai, xa mai dinh, huyen soc son, ha noi",0.9230769230769231,0.0,0,0.024691358024691357,0.0,0,1,0
1,"so 25, ngo 2, duong 3 phu lo, thi tran soc son, huyen soc son, ha noi",0.8301886792452831,0.07547169811320754,0,0.06172839506172839,0.0,3,1,0
1,"thon thai phu, xa mai dinh, huyen soc son, ha noi",0.9230769230769231,0.0,0,0.024691358024691357,0.0,0,1,0
1,"thon thai phu, xa mai dinh, huyen soc son, ha noi",0.9230769230769231,0.0,0,0.024691358024691357,0.0,0,1,0
1,"so 5/383 phu thuong doan, phuong dong hai 1, quan hai an, hai phong",0.8333333333333334,0.09259259259259259,0,0.024691358024691357,0.0,3,1,0
1,"so 63/132 duong vong van my, phuong van my, quan ngo quyen, hai phong",0.8392857142857143,0.08928571428571429,0,0.037037037037037035,0.0,3,1,0
1,"so 21/11 pham tu nghi, phuong vinh niem, quan le chan, hai phong",0.8461538461538461,0.07692307692307693,0,0.024691358024691357,0.0,3,1,0
1,"so nha 223, de tran khat chan, phuong thanh luong, quan hai ba trung, ha noi",0.8852459016393442,0.04918032786885246,0,0.024691358024691357,0.0,4,1,0
1,"so 7, ngo 487/1, pho kim nguu, phuong vinh tuy, quan hai ba trung, ha noi",0.8103448275862069,0.08620689655172414,0,0.024691358024691357,0.0,4,1,0
1,"so 6, ngach 91/16 duong tran duy hung, phuong trung hoa, quan cau giay, ha noi",0.8412698412698413,0.07936507936507936,0,0.04938271604938271,0.0,3,1,0
1,"so nha 18, to 6, duong giang bien, phuong giang bien, quan long bien, ha noi",0.8688524590163934,0.04918032786885246,0,0.04938271604938271,0.0,3,1,0
1,"lo 31, to 61 tap the so dia chinh, phuong yen hoa, quan cau giay, ha noi",0.8571428571428571,0.07142857142857142,0,0.04938271604938271,0.0,3,1,0
1,"so 8, nguyen kha trac, to 4, phuong mai dich, quan cau giay, ha noi",0.8679245283018868,0.03773584905660377,0,0.037037037037037035,0.0,2,1,0
1,"phong 1720, toa nha prime center, so 53, pho quang trung, phuong nguyen du, quan hai ba trung, ha noi",0.8536585365853658,0.07317073170731707,0,0.037037037037037035,0.0,5,1,0
1,"so nha 18, lo tt 6a, khu do thi tay nam linh dam, phuong hoang liet, quan hoang mai, ha noi",0.8873239436619719,0.04225352112676056,0,0.06172839506172839,0.0,3,1,0
1,"so 115, ngo 197, duong hoang mai, phuong hoang van thu, quan hoang mai, ha noi",0.8253968253968254,0.09523809523809523,0,0.037037037037037035,0.0,4,1,0
1,"so 813 giai phong, phuong giap bat, quan hoang mai, ha noi",0.8723404255319149,0.06382978723404255,0,0.024691358024691357,0.0,4,1,0
1,"so 14, ngo 118, pho dao tan, phuong cong vi, quan ba dinh, ha noi",0.803921568627451,0.09803921568627451,0,0.024691358024691357,0.0,4,1,0
1,"so 6a son tay, phuong dien bien, quan ba dinh, ha noi",0.9047619047619048,0.023809523809523808,0,0.024691358024691357,0.0,2,1,0
1,"so 233, ngo trai ca, duong truong dinh, phuong truong dinh, quan hai ba trung, ha noi",0.8840579710144928,0.043478260869565216,0,0.037037037037037035,0.0,4,1,0
1,"a15, lo 13, khu do thi moi dinh cong, phuong dinh cong, quan hoang mai, ha noi",0.8548387096774194,0.06451612903225806,0,0.037037037037037035,0.0,3,1,0
1,"so 9, duong ngoc hoi, phuong hoang liet, quan hoang mai, ha noi",0.9019607843137255,0.0196078431372549,0,0.037037037037037035,0.0,2,1,0
1,"so 84 tho nhuom, phuong tran hung dao, quan hoan kiem, ha noi",0.8979591836734694,0.04081632653061224,0,0.024691358024691357,0.0,3,1,0
1,"xom 1, thon dong lac, xa tien duoc, huyen soc son, ha noi",0.8888888888888888,0.022222222222222223,0,0.024691358024691357,0.0,2,1,0
1,"so 80, ngach 46, ngo 445 lac long quan, phuong xuan la, quan tay ho, ha noi",0.7966101694915254,0.11864406779661017,0,0.037037037037037035,0.0,4,1,0
1,"so 132, to 06, pho yen duyen, phuong yen so, quan hoang mai, ha noi",0.8113207547169812,0.09433962264150944,0,0.037037037037037035,0.0,4,1,0
1,"so 7 nguyen chinh, phuong tan mai, quan hoang mai, ha noi",0.9130434782608695,0.021739130434782608,0,0.024691358024691357,0.0,2,1,0
1,"so 37, pho kim dong, phuong giap bat, quan hoang mai, ha noi",0.875,0.041666666666666664,0,0.024691358024691357,0.0,3,1,0
1,"so 2/6/121 nguyen huu tue, phuong gia vien, quan ngo quyen, hai phong",0.8245614035087719,0.08771929824561403,0,0.024691358024691357,0.0,3,1,0
1,"122, duong a3, khu dan cu hung phu 1, phuong hung phu, quan cai rang, can tho",0.8360655737704918,0.08196721311475409,0,0.037037037037037035,0.0,3,0,1
1,"53/1b, khu vuc thanh my, phuong le binh, quan cai rang, can tho",0.8431372549019608,0.058823529411764705,0,0.024691358024691357,0.0,2,0,1
1,"73/1n, nguyen trai, phuong an hoi, quan ninh kieu, can tho",0.8333333333333334,0.0625,0,0.012345679012345678,0.0,2,0,1
1,"304 nguyen thong, phuong an thoi, quan binh thuy, can tho",0.8723404255319149,0.06382978723404255,0,0.012345679012345678,0.0,3,0,1
1,"thon la xuyen, xa yen ninh, huyen y yen, nam dinh",0.9230769230769231,0.0,0,0.024691358024691357,0.0,0,1,0
1,"so 58, duong dx 14, phuong phu my, thanh pho thu dau mot, binh duong",0.8518518518518519,0.07407407407407407,0,0.037037037037037035,0.0,3,1,0
1,"so 4/12, khu pho nguyen trai, phuong lai thieu, tx thuan an, binh duong",0.8620689655172413,0.05172413793103448,0,0.04938271604938271,0.0,2,1,0
1,"74 ly tu trong, phuong 1, thanh pho vung tau, ba ria - vung tau",0.8571428571428571,0.061224489795918366,0,0.012345679012345678,0.0,2,0,1
1,"so 06 nguyen du, phuong phuoc hiep, thanh pho ba ria, ba ria - vung tau",0.8928571428571429,0.03571428571428571,0,0.024691358024691357,0.0,3,1,0
1,"so nha 469 - duong nguyen van cu, phuong hong hai, thanh pho ha long, quang ninh",0.890625,0.046875,0,0.037037037037037035,0.0,4,1,0
1,"so 33 phan boi chau, phuong hoa lac, thanh pho mong cai, quang ninh",0.9074074074074074,0.037037037037037035,0,0.024691358024691357,0.0,3,1,0
1,"so 1/dc 60/o 55, khu pho hoa lan 2, phuong thuan giao, tx thuan an, binh duong",0.8064516129032258,0.0967741935483871,0,0.04938271604938271,0.0,3,1,0
1,"to 2, khu 7a, phuong quang hanh, thanh pho cam pha, quang ninh",0.88,0.04,0,0.037037037037037035,0.0,2,1,0
1,"thon mang lo, xa dak ro ong, huyen tu mo rong, kon tum",0.9285714285714286,0.0,0,0.037037037037037035,0.0,0,1,0
1,"3h phan chu trinh, kp1, phuong quang vinh, thanh pho bien hoa, dong nai",0.896551724137931,0.034482758620689655,0,0.024691358024691357,0.0,1,0,1
1,"so 216a/4, ap lap thanh, xa xuan thanh, huyen thong nhat, dong nai",0.8333333333333334,0.07407407407407407,0,0.037037037037037035,0.0,4,1,0
1,"to 19, ap be bac, xa xuan dong, huyen cam my, dong nai",0.8571428571428571,0.047619047619047616,0,0.037037037037037035,0.0,3,1,0
1,"nha xuong so 37, xa tam an, huyen long thanh, dong nai",0.8837209302325582,0.046511627906976744,0,0.024691358024691357,0.0,3,1,0
1,"so 123/10/22, kp 9, phuong tan phong, thanh pho bien hoa, dong nai",0.7407407407407407,0.14814814814814814,0,0.037037037037037035,0.0,4,1,0
1,"d239, kp4, phuong long binh, thanh pho bien hoa, dong nai",0.8297872340425532,0.0851063829787234,0,0.024691358024691357,0.0,3,1,0
1,"so 388, duong ho thi huong, kp 5, phuong xuan an, thi xa long khanh, dong nai",0.8524590163934426,0.06557377049180328,0,0.04938271604938271,0.0,4,1,0
1,"thon 3, xa quang ngan, huyen quang dien, thua thien - hue",0.8913043478260869,0.021739130434782608,0,0.037037037037037035,0.0,2,1,0
1,"khu kinh te chan may - lang co, thon trung kien, xa loc tien, xa loc tien, huyen phu loc, thua thien - hue",0.9156626506024096,0.0,0,0.04938271604938271,0.0,0,1,0
1,"thon long thuan, xa tan long, huyen huong hoa, quang tri",0.9347826086956522,0.0,0,0.024691358024691357,0.0,0,1,0
1,"so 318 le duan, khoi pho 4, thi tran khe sanh, huyen huong hoa, quang tri",0.8620689655172413,0.06896551724137931,0,0.04938271604938271,0.0,4,1,0
1,"so 772/14 duong 21 thang 8, khu pho 3, phuong do vinh, tp. phan rang-thap cham, ninh thuan",0.7808219178082192,0.1232876712328767,0,0.04938271604938271,0.0,4,1,0
1,"so nha 5, ngo 48, pho le quang bi, khu cam khe b, phuong tu minh, thanh pho hai duong, hai duong",0.88,0.04,0,0.04938271604938271,0.0,3,1,0
1,"so 32 nguyen van troi, phuong iii, tp vi thanh, hau giang",0.8913043478260869,0.043478260869565216,0,0.024691358024691357,0.0,3,1,0
1,"so 271a, ap tan phu thanh, xa tan phu thanh, huyen chau thanh a, hau giang",0.8813559322033898,0.05084745762711865,0,0.037037037037037035,0.0,4,1,0
1,"424 le loi, phuong nghia lo, thanh pho quang ngai, quang ngai",0.88,0.06,0,0.024691358024691357,0.0,3,0,1
1,"tang 5, toa nha so 17 duong phan chu trinh, phuong nguyen nghiem, thanh pho quang ngai, quang ngai",0.9125,0.0375,0,0.06172839506172839,0.0,3,1,0
1,"thon minh my, xa tinh bac, huyen son tinh, quang ngai",0.9302325581395349,0.0,0,0.024691358024691357,0.0,0,1,0
1,"25a hung loc hau, xa vinh ngoc, thanh pho nha trang, khanh hoa",0.9,0.04,0,0.012345679012345678,0.0,2,0,1
1,"thon 2, thi tran dak doa, huyen dak doa, gia lai",0.8947368421052632,0.02631578947368421,0,0.037037037037037035,0.0,2,1,0
1,"38 tran hung dao, thi tran phu tuc, huyen krong pa, gia lai",0.8936170212765957,0.0425531914893617,0,0.024691358024691357,0.0,2,0,1
1,"thon 6, xa ia bang, huyen dak doa, gia lai",0.8787878787878788,0.030303030303030304,0,0.024691358024691357,0.0,2,1,0
1,"441 nguyen nghiem, thi tran duc pho, huyen duc pho, quang ngai",0.8823529411764706,0.058823529411764705,0,0.024691358024691357,0.0,3,0,1
1,"thon vung 5, xa pho thuan, huyen duc pho, quang ngai",0.9047619047619048,0.023809523809523808,0,0.024691358024691357,0.0,2,1,0
1,"so 10 duong lac long quan, phuong tran quang dieu, thanh pho quy nhon, binh dinh",0.9230769230769231,0.03076923076923077,0,0.04938271604938271,0.0,3,1,0
1,"so 420 tran hung dao, phuong quang trung, thanh pho nam dinh, nam dinh",0.8947368421052632,0.05263157894736842,0,0.024691358024691357,0.0,4,1,0
1,"so 373/39, duong phan dinh phung, phuong chanh lo, thanh pho quang ngai, quang ngai",0.855072463768116,0.07246376811594203,0,0.04938271604938271,0.0,4,1,0
1,"lo 126-128 duong chu van an, phuong nghia lo, thanh pho quang ngai, quang ngai",0.84375,0.09375,0,0.037037037037037035,0.0,4,1,0
1,"so nha 3, to 16c, phuong huong son, thanh pho thai nguyen, thai nguyen",0.8771929824561403,0.05263157894736842,0,0.037037037037037035,0.0,3,1,0
1,"so nha 405, duong cach mang thang 8, phuong gia sang, thanh pho thai nguyen, thai nguyen",0.8888888888888888,0.05555555555555555,0,0.037037037037037035,0.0,4,1,0
1,"so nha 9a, ngo 168, to 9, phuong tan lap, thanh pho thai nguyen, thai nguyen",0.8360655737704918,0.08196721311475409,0,0.037037037037037035,0.0,4,1,0
1,"to 4, khu 4a, phuong hong hai, thanh pho ha long, quang ninh",0.875,0.041666666666666664,0,0.037037037037037035,0.0,2,1,0
1,"326 pham van dong, thi tran nui thanh, huyen nui thanh, quang nam",0.8867924528301887,0.05660377358490566,0,0.024691358024691357,0.0,3,0,1
1,"thon tam my, xa tam xuan i, huyen nui thanh, quang nam",0.9302325581395349,0.0,0,0.024691358024691357,0.0,0,1,0
1,"thon lam phung, xa dai dong, huyen dai loc, quang nam",0.9302325581395349,0.0,0,0.024691358024691357,0.0,0,1,0
1,"thon 2, xa tra nu, huyen bac tra my, quang nam",0.8888888888888888,0.027777777777777776,0,0.024691358024691357,0.0,2,1,0
1,"thon lap thuan, xa dai hong, huyen dai loc, quang nam",0.9302325581395349,0.0,0,0.024691358024691357,0.0,0,1,0
1,"nam hue, xa binh thanh, huyen thoai son, an giang",0.925,0.0,0,0.012345679012345678,0.0,0,1,0
1,"to dan pho 6, thi tran muong ang, huyen muong ang, dien bien",0.9166666666666666,0.020833333333333332,0,0.037037037037037035,0.0,2,1,0
1,"lo b5-1 kcn minh hung - han quoc, ap 3a, xa minh hung, huyen chon thanh, binh phuoc",0.8636363636363636,0.045454545454545456,0,0.04938271604938271,0.0,2,1,0
1,"254/98/15 au co, phuong 9, quan tan binh, tp ho chi minh",0.7111111111111111,0.17777777777777778,0,0.024691358024691357,0.0,3,0,1
1,"11/20 nguyen duc thuan, phuong 13, quan tan binh, tp ho chi minh",0.8076923076923077,0.11538461538461539,0,0.024691358024691357,0.0,3,0,1
1,"299/3a ly thuong kiet, phuong 15, quan 11, tp ho chi minh",0.7391304347826086,0.17391304347826086,0,0.024691358024691357,0.0,3,0,1
1,"450/4 phan xich long, phuong 02, quan phu nhuan, tp ho chi minh",0.803921568627451,0.11764705882352941,0,0.024691358024691357,0.0,3,0,1
1,"305/35 tan son nhi, phuong tan son nhi, quan tan phu, tp ho chi minh",0.8333333333333334,0.09259259259259259,0,0.024691358024691357,0.0,3,0,1
1,"184-186 dinh tien hoang, phuong da kao, quan 1, tp ho chi minh",0.78,0.14,0,0.024691358024691357,0.0,3,0,1
1,"263 duong tch 02, phuong tan chanh hiep, quan 12, tp ho chi minh",0.803921568627451,0.13725490196078433,0,0.037037037037037035,0.0,3,0,1
1,"14 thu khoa huan, phuong ben thanh, quan 1, tp ho chi minh",0.8695652173913043,0.06521739130434782,0,0.024691358024691357,0.0,2,0,1
1,"48/5f ap dong lan 1, xa ba diem, huyen hoc mon, tp ho chi minh",0.8333333333333334,0.08333333333333333,0,0.037037037037037035,0.0,2,0,1
1,"109/14/2c to 09, khu pho 09, duong huynh thi hai, phuong tan chanh hiep, quan 12, tp ho chi minh",0.7532467532467533,0.15584415584415584,0,0.06172839506172839,0.0,3,0,1
1,"399/28 nguyen dinh chieu, phuong 05, quan 3, tp ho chi minh",0.75,0.16666666666666666,0,0.024691358024691357,0.0,3,0,1
1,"24/5 ba diem, ap dong lan 1, xa ba diem, huyen hoc mon, tp ho chi minh",0.8333333333333334,0.07407407407407407,0,0.037037037037037035,0.0,2,0,1
1,"144/4b dien bien phu, phuong 25, quan binh thanh, tp ho chi minh",0.8076923076923077,0.11538461538461539,0,0.024691358024691357,0.0,3,0,1
1,"1b27/2 huong lo 80, ap 1, xa pham van hai, huyen binh chanh, tp ho chi minh",0.7966101694915254,0.11864406779661017,0,0.04938271604938271,0.0,3,0,1
1,"11/5a duong 26, khu pho 7, phuong linh dong, quan thu duc, tp ho chi minh",0.8103448275862069,0.10344827586206896,0,0.04938271604938271,0.0,3,0,1
1,"86 quoc lo 1a, phuong linh trung, quan thu duc, tp ho chi minh",0.8775510204081632,0.061224489795918366,0,0.037037037037037035,0.0,2,0,1
1,"42 duong d4a, khu dan cu sai gon cho lon, phuong 7, quan 8, tp ho chi minh",0.8421052631578947,0.08771929824561403,0,0.04938271604938271,0.0,2,0,1
1,"so 29 ngo 139 duong nguyen van cu, phuong ngoc lam, quan long bien, ha noi",0.864406779661017,0.0847457627118644,0,0.037037037037037035,0.0,4,1,0
1,"so 3 ngo 94 pho ngoc khanh, phuong giang vo, quan ba dinh, ha noi",0.8823529411764706,0.058823529411764705,0,0.024691358024691357,0.0,3,1,0
1,"thon ngu tien, xa thanh lam, huyen me linh, ha noi",0.925,0.0,0,0.024691358024691357,0.0,0,1,0
1,"136 pho nghia dung, phuong phuc xa, quan ba dinh, ha noi",0.8666666666666667,0.06666666666666667,0,0.012345679012345678,0.0,3,0,1
1,"so 39 duong so 5, khu pho lan ngoai, phuong long phuoc, quan 9, tp ho chi minh",0.8688524590163934,0.06557377049180328,0,0.04938271604938271,0.0,3,1,0
1,"42/3 luong ngoc quyen, phuong 5, quan go vap, tp ho chi minh",0.8333333333333334,0.08333333333333333,0,0.024691358024691357,0.0,2,0,1
1,"so nha 77 tap the vat tu thuy loi, xa tu hiep, huyen thanh tri, ha noi",0.9074074074074074,0.037037037037037035,0,0.024691358024691357,0.0,3,1,0
1,"so nha 5 ngo 179 doi can, phuong doi can, quan ba dinh, ha noi",0.8541666666666666,0.08333333333333333,0,0.024691358024691357,0.0,4,1,0
1,"so 7, ngach 24, ngo 376 khuong dinh, phuong ha dinh, quan thanh xuan, ha noi",0.819672131147541,0.09836065573770492,0,0.037037037037037035,0.0,4,1,0
1,"so 14, ngach 210/3, duong hoang van thai, phuong khuong mai, quan thanh xuan, ha noi",0.8260869565217391,0.08695652173913043,0,0.04938271604938271,0.0,4,1,0
1,"thon dong le, xa hop dong, huyen chuong my, ha noi",0.925,0.0,0,0.024691358024691357,0.0,0,1,0
1,"so 10 pho hang than, p. nguyen trung truc, quan ba dinh, ha noi",0.88,0.04,0,0.024691358024691357,0.0,3,1,0
1,"tang m, toa nha ttc, 19 duy tan, phuong dich vong hau, quan cau giay, ha noi",0.8833333333333333,0.03333333333333333,0,0.037037037037037035,0.0,3,1,0
1,"nha so 6 ngach 14, ngo 75, duong giai phong, phuong dong tam, quan hai ba trung, ha noi",0.855072463768116,0.07246376811594203,0,0.04938271604938271,0.0,3,1,0
1,"25/b3 so 57 lang ha, phuong thanh cong, quan ba dinh, ha noi",0.8125,0.10416666666666667,0,0.024691358024691357,0.0,3,0,1
1,"khu 8, thon bong mac, xa lien mac, huyen me linh, ha noi",0.8863636363636364,0.022727272727272728,0,0.037037037037037035,0.0,2,1,0
1,"so 12, ngo 55/51 duong hoang hoa tham, phuong ngoc ha, quan ba dinh, ha noi",0.8166666666666667,0.1,0,0.037037037037037035,0.0,3,1,0
1,"tang 2, toa nha trung yen 1, khu do thi trung yen, phuong trung hoa, quan cau giay, ha noi",0.9014084507042254,0.028169014084507043,0,0.04938271604938271,0.0,2,1,0
1,"so 4 nha c8, khu dtm my dinh 1, phuong cau dien, quan nam tu liem, ha noi",0.875,0.05357142857142857,0,0.037037037037037035,0.0,2,1,0
1,"so 29, hem 35, ngach 220, ngo 193, duong phu dien, phuong phu dien, quan bac tu liem, ha noi",0.7671232876712328,0.136986301369863,0,0.06172839506172839,0.0,4,1,0
1,"so 27, ngo 49, van ho 2, phuong le dai hanh, quan hai ba trung, ha noi",0.8148148148148148,0.09259259259259259,0,0.024691358024691357,0.0,3,1,0
1,"so 1a pho quan hoa, phuong quan hoa, quan cau giay, ha noi",0.9130434782608695,0.021739130434782608,0,0.024691358024691357,0.0,2,1,0
1,"biet thu d4, khu do thi moi trung van, phuong trung van, quan nam tu liem, ha noi",0.921875,0.015625,0,0.024691358024691357,0.0,1,1,0
1,"lo b4-bt2, phuong my dinh 2, quan nam tu liem, ha noi",0.8333333333333334,0.07142857142857142,0,0.024691358024691357,0.0,2,1,0
1,"so nha 5, to dan pho so 1 dinh, phuong dai mo, quan nam tu liem, ha noi",0.8888888888888888,0.037037037037037035,0,0.037037037037037035,0.0,2,1,0
1,"so 6 to dan pho dong ba 2, phuong thuong cat, quan bac tu liem, ha noi",0.9074074074074074,0.037037037037037035,0,0.037037037037037035,0.0,2,1,0
1,"to 13, phuong phuc dien, quan bac tu liem, ha noi",0.8717948717948718,0.05128205128205128,0,0.024691358024691357,0.0,3,1,0
1,"so 85 duong phuc dien, phuong phuc dien, quan bac tu liem, ha noi",0.9038461538461539,0.038461538461538464,0,0.037037037037037035,0.0,3,1,0
1,"so 23 an trach, phuong quoc tu giam, quan dong da, ha noi",0.8888888888888888,0.044444444444444446,0,0.024691358024691357,0.0,3,1,0
1,"so 6 ngo 92 duong nguyen khanh toan, phuong quan hoa, quan cau giay, ha noi",0.9,0.05,0,0.037037037037037035,0.0,3,1,0
1,"so 21, ngach 32/84/57 duong do duc duc, phuong me tri, quan nam tu liem, ha noi",0.7777777777777778,0.12698412698412698,0,0.04938271604938271,0.0,3,1,0
1,"doc de da ton, xa da ton, huyen gia lam, ha noi",0.9166666666666666,0.0,0,0.012345679012345678,0.0,0,1,0
1,"so 68 le van khuong, phuong nhan chinh, quan thanh xuan, ha noi",0.9019607843137255,0.0392156862745098,0,0.024691358024691357,0.0,3,1,0
1,"p401, nha n4ab trung hoa, quan thanh xuan, ha noi",0.825,0.1,0,0.012345679012345678,0.0,3,1,0
1,"no 17-lk17-06, to dan pho 2, phuong la khe, quan ha dong, ha noi",0.7450980392156863,0.13725490196078433,0,0.024691358024691357,0.0,3,1,0
1,"so 47, to 4, ngo 12, duong quang trung, phuong la khe, quan ha dong, ha noi",0.8135593220338984,0.0847457627118644,0,0.04938271604938271,0.0,3,1,0
1,"so 16, ngach 342/61 duong khuong dinh, phuong ha dinh, quan thanh xuan, ha noi",0.8125,0.109375,0,0.04938271604938271,0.0,4,1,0
1,"xom 10, xa van canh, huyen hoai duc, ha noi",0.8529411764705882,0.058823529411764705,0,0.012345679012345678,0.0,3,1,0
1,"so nha 8, ngo 358/55 pho bui xuong trach, phuong khuong dinh, quan thanh xuan, ha noi",0.8405797101449275,0.08695652173913043,0,0.024691358024691357,0.0,4,1,0
1,"lk3.4 vinaconex 21, ngo 804 duong quang trung, phuong phu la, quan ha dong, ha noi",0.8208955223880597,0.1044776119402985,0,0.024691358024691357,0.0,4,1,0
1,"so nha 351 + 352, duong binh doan, phuong yen nghia, quan ha dong, ha noi",0.8103448275862069,0.10344827586206896,0,0.037037037037037035,0.0,4,1,0
1,"so 8 ngo 22 pho ngo quyen, phuong quang trung, quan ha dong, ha noi",0.8867924528301887,0.05660377358490566,0,0.024691358024691357,0.0,3,1,0
1,"so 7, ngach 14/8, ngo 8, pho xom, phuong phu lam, quan ha dong, ha noi",0.7818181818181819,0.09090909090909091,0,0.037037037037037035,0.0,3,1,0
1,"thon dong vien, xa dong quang, huyen ba vi, ha noi",0.925,0.0,0,0.024691358024691357,0.0,0,1,0
1,"cum 3, thon vinh ky, xa tan hoi, huyen dan phuong, ha noi",0.8888888888888888,0.022222222222222223,0,0.024691358024691357,0.0,2,1,0
1,"so nha 10a, ngo 10, to 7, duong huyen ky, phuong phu lam, quan ha dong, ha noi",0.819672131147541,0.08196721311475409,0,0.06172839506172839,0.0,3,1,0
1,"quyet tien, xa van con, huyen hoai duc, ha noi",0.918918918918919,0.0,0,0.012345679012345678,0.0,0,1,0
1,"so 297 duong tuu liet, xa tam hiep, huyen thanh tri, ha noi",0.8723404255319149,0.06382978723404255,0,0.037037037037037035,0.0,4,1,0
1,"thon yen xa, xa tan trieu, huyen thanh tri, ha noi",0.925,0.0,0,0.024691358024691357,0.0,0,1,0
1,"doi 4, thon trung son, xa yen son, huyen quoc oai, ha noi",0.8888888888888888,0.022222222222222223,0,0.024691358024691357,0.0,2,1,0
1,"thon ngo sai, thi tran quoc oai, huyen quoc oai, ha noi",0.9318181818181818,0.0,0,0.037037037037037035,0.0,0,1,0
1,"so 5, to 33b, ngo 42, pho trieu khuc, phuong thanh xuan nam, quan thanh xuan, ha noi",0.835820895522388,0.07462686567164178,0,0.037037037037037035,0.0,3,1,0
1,"so 8, lk4, khu do thi moi simco song da, phuong van phuc, quan ha dong, ha noi",0.8852459016393442,0.03278688524590164,0,0.037037037037037035,0.0,2,1,0
1,"so 04,hem 38, ngach 25, ngo 358 bui xuong trach, phuong khuong dinh, quan thanh xuan, ha noi",0.8,0.12,0,0.04938271604938271,0.0,4,1,0
1,"32 phan dinh phung, phuong tan thanh, quan tan phu, tp ho chi minh",0.9056603773584906,0.03773584905660377,0,0.024691358024691357,0.0,2,0,1
1,"13/3 duong so 41, khu pho 6, phuong linh dong, quan thu duc, tp ho chi minh",0.8135593220338984,0.1016949152542373,0,0.04938271604938271,0.0,3,0,1
1,"015 cho thiec, duong pho co dieu, phuong 6, quan 11, tp ho chi minh",0.8113207547169812,0.11320754716981132,0,0.037037037037037035,0.0,3,0,1
1,"376 duong ten lua, phuong binh tri dong b, quan binh tan, tp ho chi minh",0.8947368421052632,0.05263157894736842,0,0.037037037037037035,0.0,3,0,1
1,"354/1/20 phan van tri, phuong 11, quan binh thanh, tp ho chi minh",0.7547169811320755,0.1509433962264151,0,0.024691358024691357,0.0,3,0,1
1,"lau 9, toa nha vietcomreal, 68 nguyen hue, phuong ben nghe, quan 1, tp ho chi minh",0.8636363636363636,0.06060606060606061,0,0.04938271604938271,0.0,3,1,0
1,"so 36 duong 31f, phuong an phu, quan 2, tp ho chi minh",0.8095238095238095,0.11904761904761904,0,0.04938271604938271,0.0,3,1,0
1,"66/1/5 tran van quang, phuong 10, quan tan binh, tp ho chi minh",0.7843137254901961,0.11764705882352941,0,0.024691358024691357,0.0,3,0,1
1,"so 68 pho duy tan, phuong dich vong hau, quan cau giay, ha noi",0.8979591836734694,0.04081632653061224,0,0.024691358024691357,0.0,3,1,0
1,"phong 4a1, b9d6 khu do thi moi dich vong, phuong dich vong, quan cau giay, ha noi",0.8769230769230769,0.06153846153846154,0,0.024691358024691357,0.0,2,1,0
1,"so 65 ho tung mau, phuong ben nghe, quan 1, tp ho chi minh",0.8666666666666667,0.06666666666666667,0,0.037037037037037035,0.0,3,1,0
1,"so 02 duong 179, phuong tan phu, quan 9, tp ho chi minh",0.7906976744186046,0.13953488372093023,0,0.04938271604938271,0.0,4,1,0
1,"3/13a ha huy giap, khu pho 1, phuong thanh loc, quan 12, tp ho chi minh",0.8035714285714286,0.10714285714285714,0,0.037037037037037035,0.0,3,0,1
1,"44 ap 2, xa nhi binh, huyen hoc mon, tp ho chi minh",0.8461538461538461,0.07692307692307693,0,0.037037037037037035,0.0,2,0,1
1,"l14 - 08b, lau 14, toa nha vincom, 72 le thanh ton, phuong ben nghe, quan 1, tp ho chi minh",0.7746478873239436,0.1267605633802817,0,0.04938271604938271,0.0,3,1,0
1,"730/32/5 lac long quan, phuong 9, quan tan binh, tp ho chi minh",0.7647058823529411,0.13725490196078433,0,0.024691358024691357,0.0,3,0,1
1,"6/9/14 pham quy thich, phuong tan quy, quan tan phu, tp ho chi minh",0.8333333333333334,0.07407407407407407,0,0.024691358024691357,0.0,2,0,1
1,"88-88a duong d2, phuong 25, quan binh thanh, tp ho chi minh",0.7708333333333334,0.14583333333333334,0,0.037037037037037035,0.0,3,0,1
1,"31 truong dinh, phuong ben thanh, quan 1, tp ho chi minh",0.8666666666666667,0.06666666666666667,0,0.024691358024691357,0.0,2,0,1
1,"b11/1/6c duong 6a, ap 2a, xa vinh loc a, huyen binh chanh, tp ho chi minh",0.7931034482758621,0.10344827586206896,0,0.04938271604938271,0.0,2,1,0
1,"c3/48/81a pham hung, xa binh hung, huyen binh chanh, tp ho chi minh",0.8181818181818182,0.09090909090909091,0,0.024691358024691357,0.0,2,1,0
1,"b3/28x tran dai nghia, ap 2, xa tan kien, huyen binh chanh, tp ho chi minh",0.847457627118644,0.06779661016949153,0,0.037037037037037035,0.0,2,1,0
1,"36 duong so 13, phuong tan kieng, quan 7, tp ho chi minh",0.8181818181818182,0.11363636363636363,0,0.037037037037037035,0.0,3,0,1
1,"666/64/9 duong 3/2, phuong 14, quan 10, tp ho chi minh",0.5909090909090909,0.2727272727272727,0,0.037037037037037035,0.0,3,0,1
1,"55/33 nguyen phuc chu, phuong 15, quan tan binh, tp ho chi minh",0.803921568627451,0.11764705882352941,0,0.024691358024691357,0.0,3,0,1
1,"300 ab nguyen tat thanh, phuong 13, quan 4, tp ho chi minh",0.8043478260869565,0.13043478260869565,0,0.024691358024691357,0.0,3,0,1
1,"380 le van luong, phuong tan hung, quan 7, tp ho chi minh",0.8444444444444444,0.08888888888888889,0,0.024691358024691357,0.0,3,0,1
1,"130 duong 1a, khu dan cu vinh loc, phuong binh hung hoa b, quan binh tan, tp ho chi minh",0.8840579710144928,0.057971014492753624,0,0.04938271604938271,0.0,3,0,1
1,"22/2 duong 50, khu pho 8, phuong hiep binh chanh, quan thu duc, tp ho chi minh",0.8225806451612904,0.0967741935483871,0,0.04938271604938271,0.0,3,0,1
1,"so 146 nguyen cong tru, phuong nguyen thai binh, quan 1, tp ho chi minh",0.8771929824561403,0.07017543859649122,0,0.037037037037037035,0.0,4,1,0
1,"12 nguyen canh chan, phuong nguyen cu trinh, quan 1, tp ho chi minh",0.8888888888888888,0.05555555555555555,0,0.024691358024691357,0.0,2,0,1
1,"195/28 pham van bach, phuong 15, quan tan binh, tp ho chi minh",0.78,0.14,0,0.024691358024691357,0.0,3,0,1
1,"59e duong 102, khu pho 7, phuong tang nhon phu a, quan 9, tp ho chi minh",0.8035714285714286,0.125,0,0.06172839506172839,0.0,4,0,1
1,"11a hanh thong, phuong 3, quan go vap, tp ho chi minh",0.8571428571428571,0.07142857142857142,0,0.024691358024691357,0.0,2,0,1
1,"58/9a duong tien lan 15, ap tien lan 1, xa ba diem, huyen hoc mon, tp ho chi minh",0.8253968253968254,0.09523809523809523,0,0.04938271604938271,0.0,3,0,1
1,"331/70/44t phan huy ich, phuong 14, quan go vap, tp ho chi minh",0.7254901960784313,0.17647058823529413,0,0.024691358024691357,0.0,3,0,1
1,"tang 19, khu a, toa nha indochina, so 4 nguyen dinh chieu, phuong da kao, quan 1, tp ho chi minh",0.868421052631579,0.05263157894736842,0,0.07407407407407407,0.0,3,1,0
1,"85-87 bui huu nghia, phuong 05, quan 5, tp ho chi minh",0.7441860465116279,0.16279069767441862,0,0.024691358024691357,0.0,3,0,1
1,"99 nguyen thi thap, phuong tan phu, quan 7, tp ho chi minh",0.8695652173913043,0.06521739130434782,0,0.024691358024691357,0.0,2,0,1
1,"427/32 le van quoi, khu pho 5, phuong binh tri dong a, quan binh tan, tp ho chi minh",0.8333333333333334,0.09090909090909091,0,0.037037037037037035,0.0,3,0,1
1,"558/66a3 duong binh quoi, phuong 28, quan binh thanh, tp ho chi minh",0.7857142857142857,0.14285714285714285,0,0.037037037037037035,0.0,3,0,1
1,"112 bau cat, phuong 14, quan tan binh, tp ho chi minh",0.8095238095238095,0.11904761904761904,0,0.024691358024691357,0.0,3,0,1
1,"751a hung phu, phuong 9, quan 8, tp ho chi minh",0.7837837837837838,0.13513513513513514,0,0.024691358024691357,0.0,3,0,1
1,"35 duong an phu dong 1, phuong an phu dong, quan 12, tp ho chi minh",0.8461538461538461,0.09615384615384616,0,0.037037037037037035,0.0,3,0,1
1,"19/2d/13 duong so 20, khu pho 1, phuong binh hung hoa a, quan binh tan, tp ho chi minh",0.7941176470588235,0.11764705882352941,0,0.04938271604938271,0.0,3,0,1
1,"195/13 to ngoc van, to 8, khu pho 5, phuong thanh xuan, quan 12, tp ho chi minh",0.7580645161290323,0.14516129032258066,0,0.04938271604938271,0.0,3,0,1
1,"65 duong so 7, khu pho 5, phuong an phu, quan 2, tp ho chi minh",0.8125,0.10416666666666667,0,0.04938271604938271,0.0,2,0,1
1,"16g duong 210, ap 1a, xa hoa phu, huyen cu chi, tp ho chi minh",0.7916666666666666,0.125,0,0.04938271604938271,0.0,4,0,1
1,"125/23 le duc tho, phuong 17, quan go vap, tp ho chi minh",0.7555555555555555,0.15555555555555556,0,0.024691358024691357,0.0,3,0,1
1,"175/18/7 dinh phong phu, khu pho 3, phuong tang nhon phu b, quan 9, tp ho chi minh",0.7846153846153846,0.12307692307692308,0,0.04938271604938271,0.0,3,0,1
1,"81/41 tan son nhi, phuong tan son nhi, quan tan phu, tp ho chi minh",0.8490566037735849,0.07547169811320754,0,0.024691358024691357,0.0,2,0,1
1,"so 7, duong so 84 cao lo, phuong 4, quan 8, tp ho chi minh",0.7954545454545454,0.11363636363636363,0,0.04938271604938271,0.0,3,1,0
1,"so 20 duong vanh dai 2, phuong phu huu, quan 9, tp ho chi minh",0.8541666666666666,0.08333333333333333,0,0.04938271604938271,0.0,3,1,0
1,"47a duong so 14, phuong binh hung hoa, quan binh tan, tp ho chi minh",0.8703703703703703,0.07407407407407407,0,0.037037037037037035,0.0,3,0,1
1,"414c xa lo ha noi, to 27, khu pho 3, phuong an phu, quan 2, tp ho chi minh",0.7857142857142857,0.125,0,0.06172839506172839,0.0,3,0,1
1,"74/8 duong 27, khu pho 5, phuong hiep binh chanh, quan thu duc, tp ho chi minh",0.8225806451612904,0.0967741935483871,0,0.04938271604938271,0.0,3,0,1
1,"1a91 duong vinh loc, ap 1, xa pham van hai, huyen binh chanh, tp ho chi minh",0.8666666666666667,0.06666666666666667,0,0.04938271604938271,0.0,2,0,1
1,"27/8b vo thi hoi, ap xuan thoi dong 1, xa xuan t dong, huyen hoc mon, tp ho chi minh",0.8615384615384616,0.06153846153846154,0,0.037037037037037035,0.0,2,0,1
1,"734 luy ban bich, phuong tan thanh, quan tan phu, tp ho chi minh",0.8823529411764706,0.058823529411764705,0,0.024691358024691357,0.0,3,0,1
1,"b4/22a1 quoc lo 50, ap 2, xa binh hung, huyen binh chanh, tp ho chi minh",0.7894736842105263,0.12280701754385964,0,0.04938271604938271,0.0,3,1,0
1,"28 duong noi khu, khu pho hung thai 1-r2, phuong tan phong, quan 7, tp ho chi minh",0.8461538461538461,0.07692307692307693,0,0.04938271604938271,0.0,2,0,1
1,"260/11 nguyen thai binh, phuong 12, quan tan binh, tp ho chi minh",0.7924528301886793,0.1320754716981132,0,0.024691358024691357,0.0,3,0,1
1,"2/13 bach dang, phuong 2, quan tan binh, tp ho chi minh",0.8181818181818182,0.09090909090909091,0,0.024691358024691357,0.0,2,0,1
1,"c7b/106/8 duong pham hung, ap 4a, xa binh hung, huyen binh chanh, tp ho chi minh",0.8153846153846154,0.09230769230769231,0,0.04938271604938271,0.0,3,1,0
1,"tang 6, toa nha cong thanh danh so 20/12 nguyen truong to, phuong 12, quan 4, tp ho chi minh",0.821917808219178,0.1095890410958904,0,0.07407407407407407,0.0,3,1,0
1,"87/89/11/5 nguyen si sach, phuong 15, quan tan binh, tp ho chi minh",0.7272727272727273,0.16363636363636364,0,0.024691358024691357,0.0,3,0,1
1,"toa nha galaxy 9 residence go-01.01, so 9, nguyen khoai, phuong 01, quan 4, tp ho chi minh",0.7808219178082192,0.1232876712328767,0,0.04938271604938271,0.0,5,1,0
1,"466c hau giang, phuong 12, quan 6, tp ho chi minh",0.7692307692307693,0.15384615384615385,0,0.024691358024691357,0.0,3,0,1
1,"101 nguyen van troi, phuong 12, quan phu nhuan, tp ho chi minh",0.84,0.1,0,0.024691358024691357,0.0,3,0,1
1,"298/16/12 tan hoa dong, phuong binh tri dong, quan binh tan, tp ho chi minh",0.8032786885245902,0.11475409836065574,0,0.024691358024691357,0.0,3,0,1
1,"lau 1, phong 017, lo m1, chung cu ton that thuyet, so 1, ton, phuong 01, quan 4, tp ho chi minh",0.7702702702702703,0.12162162162162163,0,0.06172839506172839,0.0,4,1,0
1,"230/6/1/20a ma lo, phuong binh tri dong a, quan binh tan, tp ho chi minh",0.7758620689655172,0.1206896551724138,0,0.037037037037037035,0.0,3,0,1
1,"so 1 hoang quoc viet, phuong phu my, quan 7, tp ho chi minh",0.8913043478260869,0.043478260869565216,0,0.037037037037037035,0.0,2,1,0
1,"so 12, ngach 49, ngo 236, pho dai tu, phuong dai kim, quan hoang mai, ha noi",0.7833333333333333,0.11666666666666667,0,0.037037037037037035,0.0,4,1,0
1,"so 5/126, ngo 68, duong nguyen van linh, phuong thach ban, quan long bien, ha noi",0.8181818181818182,0.09090909090909091,0,0.037037037037037035,0.0,3,1,0
1,"55 ngo thi nham, phuong ngo thi nham, quan hai ba trung, ha noi",0.9,0.04,0,0.012345679012345678,0.0,2,0,1
1,"so nha 16 lien ke 7, khu do thi xa la, phuong phuc la, quan ha dong, ha noi",0.8771929824561403,0.05263157894736842,0,0.04938271604938271,0.0,3,1,0
1,"so 24 hoang nhu tiep, to 28, phuong bo de, quan long bien, ha noi",0.8431372549019608,0.0784313725490196,0,0.037037037037037035,0.0,3,1,0
1,"so 96/455 ha huy tap, thi tran yen vien, huyen gia lam, ha noi",0.8163265306122449,0.10204081632653061,0,0.037037037037037035,0.0,3,1,0
1,"so nha 16, to 15 duong k2, phuong cau dien, quan nam tu liem, ha noi",0.8301886792452831,0.09433962264150944,0,0.04938271604938271,0.0,3,1,0
1,"so nha 51 duong me tri, phuong me tri, quan nam tu liem, ha noi",0.8979591836734694,0.04081632653061224,0,0.037037037037037035,0.0,3,1,0
1,"tang 3, so 104, duong nguyen truc, phuong phu lam, quan ha dong, ha noi",0.8421052631578947,0.07017543859649122,0,0.04938271604938271,0.0,4,1,0
1,"so 111a, duong le hong phong, phuong nguyen trai, quan ha dong, ha noi",0.8771929824561403,0.05263157894736842,0,0.037037037037037035,0.0,4,1,0
1,"so 26 duong yen xa, xa tan trieu, huyen thanh tri, ha noi",0.8888888888888888,0.044444444444444446,0,0.037037037037037035,0.0,3,1,0
1,"xom cau, xa thanh liet, huyen thanh tri, ha noi",0.9210526315789473,0.0,0,0.012345679012345678,0.0,0,1,0
1,"so 6, ngach 67, ngo 102 duong hoang dao thanh, phuong kim giang, quan thanh xuan, ha noi",0.8450704225352113,0.08450704225352113,0,0.04938271604938271,0.0,4,1,0
1,"so nha e14, ngo 133 duong nguyen trai, phuong thuong dinh, quan thanh xuan, ha noi",0.8656716417910447,0.07462686567164178,0,0.037037037037037035,0.0,4,1,0
1,"so 8-b2 tap the cong ty tu van xay dung dien 1, phuong thanh xuan nam, quan thanh xuan, ha noi",0.9054054054054054,0.04054054054054054,0,0.024691358024691357,0.0,2,1,0
1,"so 28, ngo 164 pho vuong thua vu, phuong khuong trung, quan thanh xuan, ha noi",0.8571428571428571,0.07936507936507936,0,0.037037037037037035,0.0,4,1,0
1,"so 38, ngo 58 duong vu trong phung, phuong thanh xuan trung, quan thanh xuan, ha noi",0.8823529411764706,0.058823529411764705,0,0.037037037037037035,0.0,3,1,0
1,"so 8 ngach 1/30 ngo 1 pho kham thien, phuong kham thien, quan dong da, ha noi",0.8524590163934426,0.08196721311475409,0,0.037037037037037035,0.0,2,1,0
1,"so 8, ngach 475/41 nguyen trai, phuong thanh xuan nam, quan thanh xuan, ha noi",0.828125,0.09375,0,0.037037037037037035,0.0,4,1,0
1,"tang 2 toa nha hh3, khu do thi my dinh-me tri, phuong my dinh 1, quan nam tu liem, ha noi",0.8840579710144928,0.043478260869565216,0,0.04938271604938271,0.0,2,1,0
1,"nguyen huu tho, phuong tan phong, quan 7, tp ho chi minh",0.9111111111111111,0.022222222222222223,0,0.024691358024691357,0.0,2,1,0
1,"513/56a duong pham van bach, phuong 15, quan tan binh, tp ho chi minh",0.8035714285714286,0.125,0,0.037037037037037035,0.0,3,0,1
1,"2805/20/44/16 pham the hien, phuong 7, quan 8, tp ho chi minh",0.64,0.24,0,0.024691358024691357,0.0,4,0,1
1,"10/18a duong so 4, phuong truong tho, quan thu duc, tp ho chi minh",0.8301886792452831,0.09433962264150944,0,0.037037037037037035,0.0,2,0,1
1,"so 4/18a, duong bau bang, phuong 13, quan tan binh, tp ho chi minh",0.8113207547169812,0.09433962264150944,0,0.04938271604938271,0.0,3,1,0
1,"1/1a ap thoi tu 2, xa thoi tam thon, huyen hoc mon, tp ho chi minh",0.8627450980392157,0.058823529411764705,0,0.04938271604938271,0.0,2,0,1
1,"t10 hong linh, cu xa bac hai, phuong 15, quan 10, tp ho chi minh",0.8,0.12,0,0.024691358024691357,0.0,3,1,0
1,"tang 5,toa nha dai thanh binh,911-913-915-917 nguyen trai, phuong 14, quan 5, tp ho chi minh",0.6883116883116883,0.2077922077922078,0,0.04938271604938271,0.0,3,1,0
1,"lau 17, ree tower, so 9 doan van bo, phuong 09, quan 4, tp ho chi minh",0.7962962962962963,0.1111111111111111,0,0.04938271604938271,0.0,3,1,0
1,"so 29a, duong hoang hoa tham, phuong 6, quan binh thanh, tp ho chi minh",0.8771929824561403,0.05263157894736842,0,0.04938271604938271,0.0,3,1,0
1,"so 2/2/18a duong le thuc hoach, phuong phu tho hoa, quan tan phu, tp ho chi minh",0.859375,0.0625,0,0.04938271604938271,0.0,2,1,0
1,"317e nguyen thi lang, xa phuoc vinh an, huyen cu chi, tp ho chi minh",0.8888888888888888,0.05555555555555555,0,0.024691358024691357,0.0,3,0,1
1,"201/17 vinh vien, phuong 04, quan 10, tp ho chi minh",0.6904761904761905,0.21428571428571427,0,0.024691358024691357,0.0,3,0,1
1,"149 la xuan oai, phuong tang nhon phu a, quan 9, tp ho chi minh",0.8571428571428571,0.08163265306122448,0,0.037037037037037035,0.0,3,0,1
1,"153 vo thanh trang, phuong 11, quan tan binh, tp ho chi minh",0.8333333333333334,0.10416666666666667,0,0.024691358024691357,0.0,3,0,1
1,"1/8 to 18a, duong nguyen van qua, khu pho 3, phuong dong hung thuan, quan 12, tp ho chi minh",0.821917808219178,0.0958904109589041,0,0.06172839506172839,0.0,3,0,1
1,"414/4 thong nhat, phuong 16, quan go vap, tp ho chi minh",0.7777777777777778,0.13333333333333333,0,0.024691358024691357,0.0,3,0,1
1,"67/59 bo bao tan thang, phuong son ky, quan tan phu, tp ho chi minh",0.8490566037735849,0.07547169811320754,0,0.024691358024691357,0.0,2,0,1
1,"135/37/79 nguyen huu canh, phuong 22, quan binh thanh, tp ho chi minh",0.7543859649122807,0.15789473684210525,0,0.024691358024691357,0.0,3,0,1
1,"so 23,to 43, phuong yen hoa, quan cau giay, ha noi",0.8,0.1,0,0.037037037037037035,0.0,3,1,0
1,"so 8 m10b lang trung, phuong lang ha, quan dong da, ha noi",0.8695652173913043,0.06521739130434782,0,0.024691358024691357,0.0,2,1,0
1,"so 15, ngach 95/62, ngo 62 pho doi can, phuong doi can, quan ba dinh, ha noi",0.7666666666666667,0.13333333333333333,0,0.037037037037037035,0.0,3,1,0
1,"lo 78.17 duong tran van giap, phuong thanh binh, thanh pho hai duong, hai duong",0.8769230769230769,0.06153846153846154,0,0.037037037037037035,0.0,6,1,0
1,"so nha 57/120 duong chi lang, phuong nguyen trai, thanh pho hai duong, hai duong",0.8636363636363636,0.07575757575757576,0,0.037037037037037035,0.0,3,1,0
1,"so 37, pho thach lam, phuong tu minh, thanh pho hai duong, hai duong",0.8909090909090909,0.03636363636363636,0,0.037037037037037035,0.0,3,1,0
1,"so nha 71 duong nguyen thi due, pho thai hoc 2, phuong sao do, thi xa chi linh, hai duong",0.9,0.04285714285714286,0,0.037037037037037035,0.0,3,1,0
1,"cong ty tnhh fuji chemi viet nam, kcn phuc dien, huyen cam giang, hai duong",0.9508196721311475,0.0,0,0.037037037037037035,0.0,0,1,0
1,"so nha 39, duong truong chinh, phuong tan binh, thanh pho hai duong, hai duong",0.90625,0.03125,0,0.037037037037037035,0.0,3,1,0
1,"tang 3, toa nha buu dien thanh pho da nang, 271 nguyen van l, phuong vinh trung, quan thanh khe, da nang",0.891566265060241,0.04819277108433735,0,0.04938271604938271,0.0,4,1,0
1,"so nha 21 duong 4 - khu dan cu phuc loc vien, 399 ngo quyen, phuong an hai bac, quan son tra, da nang",0.8589743589743589,0.07692307692307693,0,0.04938271604938271,0.0,4,1,0
1,"69 tran quang khai, phuong tho quang, quan son tra, da nang",0.8958333333333334,0.041666666666666664,0,0.012345679012345678,0.0,2,0,1
1,"31 nguyen chich, phuong hoa minh, quan lien chieu, da nang",0.8958333333333334,0.041666666666666664,0,0.012345679012345678,0.0,2,0,1
1,"lo 357 fpt, phuong hoa hai, quan ngu hanh son, da nang",0.8604651162790697,0.06976744186046512,0,0.024691358024691357,0.0,4,1,0
1,"so 444 hoang hoa tham, phuong thuy khue, quan tay ho, ha noi",0.875,0.0625,0,0.024691358024691357,0.0,4,1,0
1,"nha ong nguyen the anh, xom kim thanh, xa son tay, huyen huong son, ha tinh",0.9333333333333333,0.0,0,0.012345679012345678,0.0,0,1,0
1,"so 48, ngo 10 ho dac di, phuong nam dong, quan dong da, ha noi",0.8333333333333334,0.08333333333333333,0,0.024691358024691357,0.0,3,1,0
1,"khu cong nghiep que vo (khu vuc mo rong), xa phuong lieu, huyen que vo, bac ninh",0.921875,0.0,0,0.037037037037037035,0.0,0,1,0
1,"so 17/31, khu pho dong chieu, tx di an, binh duong",0.8,0.1,0,0.04938271604938271,0.0,3,1,0
1,"o 23, duong d17, dc 46, khu pho 4, phuong an phu, tx thuan an, binh duong",0.7719298245614035,0.12280701754385964,0,0.037037037037037035,0.0,3,1,0
1,"thua dat so 814, to ban do so 21-2, khu pho 3, phuong dinh hoa, thanh pho thu dau mot, binh duong",0.8289473684210527,0.09210526315789473,0,0.07407407407407407,0.0,4,1,0
1,"so 5/70, khu pho binh thuan 1, phuong thuan giao, tx thuan an, binh duong",0.847457627118644,0.06779661016949153,0,0.04938271604938271,0.0,2,1,0
1,"so 3a/71, khu pho binh duong 4, phuong an binh, tx di an, binh duong",0.8333333333333334,0.07407407407407407,0,0.04938271604938271,0.0,2,1,0
1,"so 107/12, duong tran hung dao, khu pho tay a, phuong dong hoa, tx di an, binh duong",0.835820895522388,0.07462686567164178,0,0.04938271604938271,0.0,4,1,0
1,"so 261/35/20 duong tay son, phuong quang trung, thanh pho quy nhon, binh dinh",0.8125,0.109375,0,0.037037037037037035,0.0,4,1,0
1,"thon 8, xa nam binh, huyen dak song, dak nong",0.8888888888888888,0.027777777777777776,0,0.024691358024691357,0.0,2,1,0
1,"to dan pho 6, phuong nghia phu, thi xa gia nghia, dak nong",0.9130434782608695,0.021739130434782608,0,0.024691358024691357,0.0,2,1,0
1,"dau thanh, xa cao xa, huyen lam thao, phu tho",0.9166666666666666,0.0,0,0.012345679012345678,0.0,0,1,0
1,"c5-801, khu pho binh duong, phuong long binh tan, thanh pho bien hoa, dong nai",0.859375,0.0625,0,0.037037037037037035,0.0,3,1,0
1,"van phong giao dich: lau 2, so 24, kcn bien hoa 2, duong 2a, phuong an binh, thanh pho bien hoa, dong nai",0.8554216867469879,0.060240963855421686,0,0.06172839506172839,0.0,3,1,0
1,"so 25, to 16, kp 5, phuong trang dai, thanh pho bien hoa, dong nai",0.8076923076923077,0.09615384615384616,0,0.04938271604938271,0.0,3,1,0
1,"so 120/1 to 1a, kp 11, phuong an binh, thanh pho bien hoa, dong nai",0.7735849056603774,0.1320754716981132,0,0.04938271604938271,0.0,4,1,0
1,"523, to 8, ap 3, xa an hoa, thanh pho bien hoa, dong nai",0.7674418604651163,0.11627906976744186,0,0.037037037037037035,0.0,3,0,1
1,"so 122, duong 2/9, kp 5, thi tran trang bom, huyen trang bom, dong nai",0.7857142857142857,0.10714285714285714,0,0.06172839506172839,0.0,4,1,0
1,"so nha 48, duong bui thi xuan, khoi 12, phuong trung do, thanh pho vinh, nghe an",0.859375,0.0625,0,0.04938271604938271,0.0,3,1,0
1,"so nha 91b, duong cao xuan huy, khoi cong hoa, phuong vinh tan, thanh pho vinh, nghe an",0.9,0.02857142857142857,0,0.04938271604938271,0.0,3,1,0
1,"so 196, duong nguyen sy sach, phuong hung dung, thanh pho vinh, nghe an",0.8793103448275862,0.05172413793103448,0,0.037037037037037035,0.0,4,1,0
1,"so 23 duong tran quoc toan, khoi 13, phuong ha huy tap, thanh pho vinh, nghe an",0.873015873015873,0.06349206349206349,0,0.04938271604938271,0.0,3,1,0
1,"xom 5, xa thanh son, huyen anh son, nghe an",0.8823529411764706,0.029411764705882353,0,0.012345679012345678,0.0,2,1,0
1,"xom xuan khanh, xa nghi xuan, huyen nghi loc, nghe an",0.9302325581395349,0.0,0,0.012345679012345678,0.0,0,1,0
1,"hem 4, ngo 10, duong huynh thuc khang, khoi 12, phuong ben thuy, thanh pho vinh, nghe an",0.8450704225352113,0.07042253521126761,0,0.04938271604938271,0.0,3,1,0
1,"xom dong thanh, xa vinh thanh, huyen yen thanh, nghe an",0.9333333333333333,0.0,0,0.012345679012345678,0.0,0,1,0
1,"lo b_1m_cn, khu cong nghiep my phuoc 3, phuong chanh phu hoa, thi xa ben cat, binh duong",0.8873239436619719,0.028169014084507043,0,0.04938271604938271,0.0,2,1,0
1,"so 214, ap long tho, xa long hoa, huyen dau tieng, binh duong",0.8571428571428571,0.061224489795918366,0,0.04938271604938271,0.0,4,1,0
1,"so 7/22, khu pho binh quoi a, phuong binh chuan, tx thuan an, binh duong",0.8620689655172413,0.05172413793103448,0,0.04938271604938271,0.0,2,1,0
1,"so 191, duong gs2, khu pho tay a, phuong dong hoa, tx di an, binh duong",0.8392857142857143,0.07142857142857142,0,0.04938271604938271,0.0,4,1,0
1,"mot phan lo cn18, giap duong n2 va duong so 6, khu cong nghi, phuong phu tan, thanh pho thu dau mot, binh duong",0.8977272727272727,0.045454545454545456,0,0.04938271604938271,0.0,2,1,0
1,"ngo 7 pho kim son, phuong tan binh, thanh pho hai duong, hai duong",0.9245283018867925,0.018867924528301886,0,0.024691358024691357,0.0,2,1,0
1,"thon 3, xa ea pil, huyen m'drak, dac lac",0.84375,0.03125,0,0.024691358024691357,0.0,2,1,0
1,"53 doi can, phuong khue trung, quan cam le, da nang",0.8780487804878049,0.04878048780487805,0,0.012345679012345678,0.0,2,0,1
1,"652 ton duc thang, to 57, phuong hoa khanh nam, quan lien chieu, da nang",0.8448275862068966,0.08620689655172414,0,0.024691358024691357,0.0,3,0,1
1,"lo 3 b4.3 vo nguyen giap, phuong khue my, quan ngu hanh son, da nang",0.8703703703703703,0.05555555555555555,0,0.024691358024691357,0.0,3,1,0
1,"k42/12 nguyen thanh han, phuong hoa thuan tay, quan hai chau, da nang",0.8596491228070176,0.07017543859649122,0,0.012345679012345678,0.0,2,1,0
1,"phong 1210, toa nha 12t3, bui duong lich, phuong nai hien dong, quan son tra, da nang",0.8260869565217391,0.10144927536231885,0,0.037037037037037035,0.0,5,1,0
1,"tieu khu 4, thi tran dong le, huyen tuyen hoa, quang binh",0.9130434782608695,0.021739130434782608,0,0.037037037037037035,0.0,2,1,0
1,"14 duong 7, khu pho 3, phuong binh thuan, quan 7, tp ho chi minh",0.82,0.1,0,0.04938271604938271,0.0,2,0,1
1,"30 duong tk2, ap tien lan, xa ba diem, huyen hoc mon, tp ho chi minh",0.8679245283018868,0.05660377358490566,0,0.04938271604938271,0.0,2,0,1
1,"r4-45 duong hung phuoc 4, phuong tan phong, quan 7, tp ho chi minh",0.8301886792452831,0.09433962264150944,0,0.037037037037037035,0.0,2,1,0
1,"29/11/42 le duc tho, phuong 7, quan go vap, tp ho chi minh",0.7391304347826086,0.15217391304347827,0,0.024691358024691357,0.0,2,0,1
1,"f1/2 ap 6a, xa vinh loc b, huyen binh chanh, tp ho chi minh",0.8478260869565217,0.06521739130434782,0,0.037037037037037035,0.0,2,1,0
1,"205/20/59 pham dang giang, phuong binh hung hoa, quan binh tan, tp ho chi minh",0.8125,0.109375,0,0.024691358024691357,0.0,3,0,1
1,"6 le thanh ton, phuong ben nghe, quan 1, tp ho chi minh",0.8837209302325582,0.046511627906976744,0,0.024691358024691357,0.0,2,0,1
1,"14 duong so 1, phuong hiep binh phuoc, quan thu duc, tp ho chi minh",0.8867924528301887,0.05660377358490566,0,0.037037037037037035,0.0,2,0,1
1,"73/5e dinh phong phu, to 7, khu pho 1, phuong tang nhon phu b, quan 9, tp ho chi minh",0.8181818181818182,0.09090909090909091,0,0.06172839506172839,0.0,2,0,1
1,"108/8 huynh tan phat, khu pho 2, phuong tan thuan tay, quan 7, tp ho chi minh",0.819672131147541,0.09836065573770492,0,0.037037037037037035,0.0,3,0,1
1,"778 le van luong, xa phuoc kien, huyen nha be, tp ho chi minh",0.875,0.0625,0,0.024691358024691357,0.0,3,0,1
1,"lo h24 khu dan cu binh an, phuong binh thang, tx di an, binh duong",0.9038461538461539,0.038461538461538464,0,0.04938271604938271,0.0,2,1,0
1,"thi tran th, thi tran tan hiep, huyen tan hiep, kien giang",0.9361702127659575,0.0,0,0.024691358024691357,0.0,0,1,0
1,"thon an lac, xa trung trac, huyen van lam, hung yen",0.926829268292683,0.0,0,0.024691358024691357,0.0,0,1,0
1,"duong 196, thon van nhue, thi tran ban yen nhan, huyen my hao, hung yen",0.8771929824561403,0.05263157894736842,0,0.04938271604938271,0.0,4,1,0
1,"so 48 duong vu trong phung, phuong le loi, thanh pho hung yen, hung yen",0.9122807017543859,0.03508771929824561,0,0.037037037037037035,0.0,3,1,0
1,"xom dinh vo, thon an xa, xa an vien, huyen tien lu, hung yen",0.9148936170212766,0.0,0,0.024691358024691357,0.0,0,1,0
1,"to 22, khom dong thuan, phuong dong thuan, thi xa binh minh, vinh long",0.8947368421052632,0.03508771929824561,0,0.037037037037037035,0.0,3,1,0
1,"so 301 duong tran phu, phuong 4, thanh pho vinh long, vinh long",0.8627450980392157,0.0784313725490196,0,0.037037037037037035,0.0,4,1,0
1,"khoi 13, phuong quang trung, thanh pho vinh, nghe an",0.8837209302325582,0.046511627906976744,0,0.024691358024691357,0.0,3,1,0
1,"thon uan ao, xa lien thuy, huyen le thuy, quang binh",0.9285714285714286,0.0,0,0.024691358024691357,0.0,0,1,0
1,"lo e56, khu dan cu cong ty 8, phuong hung thanh, quan cai rang, can tho",0.875,0.05357142857142857,0,0.037037037037037035,0.0,2,1,0
1,"34a vo van tan, phuong 2, thanh pho tan an, long an",0.85,0.075,0,0.012345679012345678,0.0,2,0,1
1,"thon nam hung, xa tien hung, huyen luc nam, bac giang",0.9302325581395349,0.0,0,0.024691358024691357,0.0,0,1,0
1,"121 quoc lo 1a, khu pho thanh xuan, phuong 5, thanh pho tan an, long an",0.8392857142857143,0.08928571428571429,0,0.037037037037037035,0.0,3,0,1
1,"01 le lai - kp. go thuyen, thi tran tan hung, huyen tan hung, long an",0.8703703703703703,0.037037037037037035,0,0.037037037037037035,0.0,2,0,1
1,"46/2, ap binh loi, thi tran tan tru, huyen tan tru, long an",0.8297872340425532,0.06382978723404255,0,0.037037037037037035,0.0,2,0,1
1,"ap 6, xa nhut chanh, huyen ben luc, long an",0.8823529411764706,0.029411764705882353,0,0.024691358024691357,0.0,2,1,0
1,"ap binh ta 2, xa duc hoa ha, huyen duc hoa, long an",0.8974358974358975,0.02564102564102564,0,0.024691358024691357,0.0,2,1,0
1,"so 234/462f, tinh lo 818, ap 7, xa nhi thanh, huyen thu thua, long an",0.7090909090909091,0.18181818181818182,0,0.06172839506172839,0.0,4,1,0
1,"ap 1, xa my quy tay, huyen duc hue, long an",0.8787878787878788,0.030303030303030304,0,0.024691358024691357,0.0,2,1,0
1,"50a le thi dien, phuong 3, thanh pho tan an, long an",0.8536585365853658,0.07317073170731707,0,0.012345679012345678,0.0,2,0,1
1,"150/1 duong 2/4, phuong van thanh, thanh pho nha trang, khanh hoa",0.7962962962962963,0.1111111111111111,0,0.024691358024691357,0.0,3,0,1
1,"61/17 hung vuong ( so cu : 1a hung vuong ), phuong loc tho, thanh pho nha trang, khanh hoa",0.8309859154929577,0.07042253521126761,0,0.024691358024691357,0.0,2,0,1
1,"73/1 van don, phuong phuoc hoa, thanh pho nha trang, khanh hoa",0.8627450980392157,0.058823529411764705,0,0.012345679012345678,0.0,2,0,1
1,"thon thuy trieu, xa cam hai dong, huyen cam lam, khanh hoa",0.9361702127659575,0.0,0,0.024691358024691357,0.0,0,1,0
1,"128 duong 3/4, to thuan loc, phuong cam thuan, thanh pho cam ranh, khanh hoa",0.8387096774193549,0.08064516129032258,0,0.037037037037037035,0.0,3,0,1
1,"259 duong 23/10, phuong phuong son, thanh pho nha trang, khanh hoa",0.8,0.12727272727272726,0,0.024691358024691357,0.0,3,0,1
1,"xom moi, xa thung nai, huyen cao phong, hoa binh",0.9230769230769231,0.0,0,0.012345679012345678,0.0,0,1,0
1,"tang 6, toa nha duy khanh, so 2, lo 22a, le hong phong, phuong dong khe, quan ngo quyen, hai phong",0.8589743589743589,0.05128205128205128,0,0.06172839506172839,0.0,3,1,0
1,"thon nam ha, xa tra tan, huyen duc linh, binh thuan",0.926829268292683,0.0,0,0.024691358024691357,0.0,0,1,0
1,"133 lam van ben, khu pho 4, phuong tan thuan tay, quan 7, tp ho chi minh",0.8392857142857143,0.08928571428571429,0,0.037037037037037035,0.0,3,0,1
1,"thon ly luong, xa nhon ly, thanh pho quy nhon, binh dinh",0.9333333333333333,0.0,0,0.024691358024691357,0.0,0,1,0
1,"so 185/b, ap tan phu, xa tan long, huyen thanh binh, dong thap",0.84,0.06,0,0.037037037037037035,0.0,4,1,0
1,"tai nha ong le khanh cam, xom 2, xa son diem, huyen huong son, ha tinh",0.9090909090909091,0.01818181818181818,0,0.012345679012345678,0.0,2,1,0
1,"nha ong nguyen tien son, thon 1, xa cam loc, huyen cam xuyen, ha tinh",0.9090909090909091,0.01818181818181818,0,0.024691358024691357,0.0,2,1,0
1,"ban quan ly cho hong son, to dan pho thuan hong, phuong bac hong, thi xa hong linh, ha tinh",0.9444444444444444,0.0,0,0.037037037037037035,0.0,0,1,0
1,"(tai nha ong doan van toan) khoi pho tan tien, phuong thach linh, thanh pho ha tinh, ha tinh",0.9324324324324325,0.0,0,0.024691358024691357,0.0,0,0,0
1,"thon phuong lau, xa viet xuan, huyen vinh tuong, vinh phuc",0.9375,0.0,0,0.037037037037037035,0.0,0,1,0
1,"thon xuan quang, tt gia khanh, huyen binh xuyen, vinh phuc",0.9375,0.0,0,0.037037037037037035,0.0,0,1,0
1,"thon xuan giang, xa van thuy, huyen le thuy, quang binh",0.9333333333333333,0.0,0,0.024691358024691357,0.0,0,1,0
1,"to 4, ap 2, xa binh hang trung, huyen cao lanh, dong thap",0.8666666666666667,0.044444444444444446,0,0.037037037037037035,0.0,2,1,0
1,"so 16, to 3, phuong le hong phong, thanh pho phu ly, ha nam",0.8478260869565217,0.06521739130434782,0,0.037037037037037035,0.0,3,1,0
1,"xom 16, xa hoa hau, huyen ly nhan, ha nam",0.84375,0.0625,0,0.012345679012345678,0.0,3,1,0
1,"so nha 467, duong ly thuong kiet, phuong le hong phong, thanh pho phu ly, ha nam",0.890625,0.046875,0,0.037037037037037035,0.0,4,1,0
1,"so 393, ap co co, xa ngoc to, huyen my xuyen, soc trang",0.8372093023255814,0.06976744186046512,0,0.04938271604938271,0.0,4,1,0
1,"so 13 le loi, phuong 6, thanh pho soc trang, soc trang",0.8604651162790697,0.06976744186046512,0,0.024691358024691357,0.0,3,1,0
1,"99 hoang van thu, phuong 7, thanh pho vung tau, ba ria - vung tau",0.8627450980392157,0.058823529411764705,0,0.012345679012345678,0.0,2,0,1
1,"ap ong trinh, xa tan phuoc, huyen tan thanh, ba ria - vung tau",0.9183673469387755,0.0,0,0.024691358024691357,0.0,0,1,0
1,"so nha 366, duong le thanh tong, phuong bo xuyen, thanh pho thai binh, thai binh",0.8923076923076924,0.046153846153846156,0,0.037037037037037035,0.0,4,1,0
1,"lo cn2 va cn3 dien tich 71.744,3m2, cum cong nghiep minh lan, xa minh lang, huyen vu thu, thai binh",0.8125,0.1125,0,0.024691358024691357,0.0,7,1,0
1,"thon van xa, xa bich son, huyen viet yen, bac giang",0.926829268292683,0.0,0,0.024691358024691357,0.0,0,1,0
1,"so 19/41 duong duong quang, phuong tu minh, thanh pho hai duong, hai duong",0.8688524590163934,0.06557377049180328,0,0.037037037037037035,0.0,3,1,0
1,"thon vung 5, xa pho thuan, huyen duc pho, quang ngai",0.9047619047619048,0.023809523809523808,0,0.024691358024691357,0.0,2,1,0
1,"thon tan an, xa nghia an, thanh pho quang ngai, quang ngai",0.9361702127659575,0.0,0,0.024691358024691357,0.0,0,1,0
1,"thon tay, xa an vinh, huyen ly son, quang ngai",0.918918918918919,0.0,0,0.024691358024691357,0.0,0,1,0
1,"46 tran te xuong, phuong nghia lo, thanh pho quang ngai, quang ngai",0.9090909090909091,0.03636363636363636,0,0.024691358024691357,0.0,2,0,1
1,"can nha lo so: 08 khu n3.32, khu pho thuong mai loc phat thu, phuong nghia chanh, thanh pho quang ngai, quang ngai",0.8804347826086957,0.05434782608695652,0,0.04938271604938271,0.0,4,1,0
1,"xom khe thuong, thon tu cung, xa tinh khe, thanh pho quang ngai, quang ngai",0.9344262295081968,0.0,0,0.024691358024691357,0.0,0,1,0
1,"thon thong nhat, xa tinh an tay, thanh pho quang ngai, quang ngai",0.9433962264150944,0.0,0,0.024691358024691357,0.0,0,1,0
1,"so 79/21, khu pho binh duong 1, phuong an binh, tx di an, binh duong",0.8148148148148148,0.09259259259259259,0,0.04938271604938271,0.0,3,1,0
1,"thon dong tam, xa duc yen, huyen dam ha, quang ninh",0.926829268292683,0.0,0,0.024691358024691357,0.0,0,1,0
1,"nha ong thang, ngo 240, duong duyen hai, to 29, phuong duyen hai, thanh pho lao cai, lao cai",0.8513513513513513,0.06756756756756757,0,0.037037037037037035,0.0,4,1,0
1,"so 14/1 duong 3/4, phuong 3, thanh pho da lat, lam dong",0.75,0.13636363636363635,0,0.037037037037037035,0.0,3,1,0
1,"so 204, mai anh dao, phuong 8, thanh pho da lat, lam dong",0.8222222222222222,0.08888888888888889,0,0.024691358024691357,0.0,4,1,0
1,"so nha 97/9/21 duong nguyen van linh, phuong tan an, tp.buon ma thuot, dac lac",0.828125,0.078125,0,0.037037037037037035,0.0,3,1,0
1,"so 117/14/10 duong tran quy cap, phuong tu an, tp.buon ma thuot, dac lac",0.7796610169491526,0.11864406779661017,0,0.037037037037037035,0.0,4,1,0
1,"so nha 400, duong hoang lien, phuong kim tan, thanh pho lao cai, lao cai",0.8793103448275862,0.05172413793103448,0,0.037037037037037035,0.0,4,1,0
1,"thon dong sang, xa vu oai, huyen hoanh bo, quang ninh",0.9302325581395349,0.0,0,0.024691358024691357,0.0,0,1,0
1,"465 duong ly thuong kiet, phuong cua ong, thanh pho cam pha, quang ninh",0.896551724137931,0.05172413793103448,0,0.024691358024691357,0.0,3,0,1
1,"to 2, khu 8, xa viet hung, thanh pho ha long, quang ninh",0.8636363636363636,0.045454545454545456,0,0.037037037037037035,0.0,2,1,0
1,"thon 1, xa tra mai, huyen nam tra my, quang nam",0.8918918918918919,0.02702702702702703,0,0.024691358024691357,0.0,2,1,0
1,"16 an duong vuong, phuong nguyen van cu, thanh pho quy nhon, binh dinh",0.9122807017543859,0.03508771929824561,0,0.024691358024691357,0.0,2,0,1
1,"so 16 duong au co, phuong bui thi xuan, thanh pho quy nhon, binh dinh",0.9090909090909091,0.03636363636363636,0,0.037037037037037035,0.0,3,1,0
1,"so 16 le loi, phuong 1, tp tuy hoa, phu yen",0.8181818181818182,0.09090909090909091,0,0.024691358024691357,0.0,3,1,0
1,"khu pho 3, phuong phu dong, tp tuy hoa, phu yen",0.8918918918918919,0.02702702702702703,0,0.024691358024691357,0.0,2,1,0
1,"so nha 18, to 18, phuong tan giang, thanh pho cao bang, cao bang",0.8431372549019608,0.0784313725490196,0,0.037037037037037035,0.0,3,1,0
1,"so 239h/1, khu pho 1a, phuong an phu, tx thuan an, binh duong",0.7959183673469388,0.10204081632653061,0,0.04938271604938271,0.0,4,1,0
1,"347, to 6, ap 12, xa minh hung, huyen chon thanh, binh phuoc",0.7708333333333334,0.125,0,0.037037037037037035,0.0,3,0,1
1,"so 36/15, to 1, khu pho tan tra, phuong tan binh, thi xa dong xoai, binh phuoc",0.8225806451612904,0.08064516129032258,0,0.04938271604938271,0.0,3,1,0
1,"so 45, khu pho 9, phuong long phuoc, thi xa phuoc long, binh phuoc",0.8679245283018868,0.05660377358490566,0,0.037037037037037035,0.0,3,1,0
1,"39, pham hung, khu pho 2, thi tran hoa thanh, huyen hoa thanh, tay ninh",0.8596491228070176,0.05263157894736842,0,0.037037037037037035,0.0,2,0,1
1,"to 3, ap loc thuan, xa loc ninh, huyen duong minh chau, tay ninh",0.9019607843137255,0.0196078431372549,0,0.04938271604938271,0.0,2,1,0
1,"130c, to 17, kp 5, phuong trang dai, thanh pho bien hoa, dong nai",0.7884615384615384,0.11538461538461539,0,0.037037037037037035,0.0,3,0,1
1,"so 350, to 22, kp 3, phuong long binh tan, thanh pho bien hoa, dong nai",0.8035714285714286,0.10714285714285714,0,0.04938271604938271,0.0,4,1,0
1,"so 62/1a, ap 4, xa an vien, huyen trang bom, dong nai",0.7857142857142857,0.09523809523809523,0,0.037037037037037035,0.0,3,1,0
1,"so 425, duong bui van hoa, kp 6, phuong long binh, thanh pho bien hoa, dong nai",0.8571428571428571,0.06349206349206349,0,0.04938271604938271,0.0,4,1,0
1,"so 1023/127t, to 16, kp 7, phuong long binh, thanh pho bien hoa, dong nai",0.7288135593220338,0.1694915254237288,0,0.04938271604938271,0.0,5,1,0
1,"b68, ap tan cang, xa phuoc tan, thanh pho bien hoa, dong nai",0.875,0.041666666666666664,0,0.024691358024691357,0.0,2,1,0
1,"so 101, ap xom den, xa tan my, huyen bac tan uyen, binh duong",0.8541666666666666,0.0625,0,0.04938271604938271,0.0,4,1,0
1,"khu tai dinh cu, thon 4, xa quang phu, thanh pho thanh hoa, thanh hoa",0.9090909090909091,0.01818181818181818,0,0.037037037037037035,0.0,2,1,0
1,"nha ba kheo thi thanh, xom 7, xa dien phuc, huyen dien chau, nghe an",0.9074074074074074,0.018518518518518517,0,0.012345679012345678,0.0,2,1,0
1,"so 155 ly thuong kiet, phuong dong luong, thanh pho dong ha, quang tri",0.8947368421052632,0.05263157894736842,0,0.024691358024691357,0.0,4,1,0
1,"168 quoc lo 49, xa phu thuong, huyen phu vang, thua thien - hue",0.82,0.1,0,0.037037037037037035,0.0,3,0,1
1,"so 71, duong tran binh trong, phuong phuoc loc, thi xa la gi, binh thuan",0.896551724137931,0.034482758620689655,0,0.037037037037037035,0.0,3,1,0
1,"to 36 ap my tan, xa my xuan, huyen tan thanh, ba ria - vung tau",0.875,0.041666666666666664,0,0.037037037037037035,0.0,3,1,0
1,"95 quoc lo 51b, phuong 12, thanh pho vung tau, ba ria - vung tau",0.8,0.12,0,0.024691358024691357,0.0,3,0,1
1,"thon xuan long, xa gia son, huyen nho quan, ninh binh",0.9302325581395349,0.0,0,0.037037037037037035,0.0,0,1,0
1,"pho 11, phuong dong thanh, thanh pho ninh binh, ninh binh",0.8936170212765957,0.0425531914893617,0,0.012345679012345678,0.0,3,1,0
1,"quoc lo 1a, xom 1, thon la mai, xa ninh an, huyen hoa lu, ninh binh",0.8653846153846154,0.038461538461538464,0,0.037037037037037035,0.0,2,1,0
1,"so nha 705, pho thien son, thi tran thien ton, huyen hoa lu, ninh binh",0.875,0.05357142857142857,0,0.037037037037037035,0.0,4,1,0
1,"sn 117, duong ba trieu, khu 3, phuong bac son, thi xa sam son, thanh hoa",0.8421052631578947,0.07017543859649122,0,0.037037037037037035,0.0,4,1,0
1,"so 127a, to hien thanh, phuong truong son, thi xa sam son, thanh hoa",0.8727272727272727,0.05454545454545454,0,0.037037037037037035,0.0,4,1,0
1,"lo 14, khu pho 1, duong tran binh trong, phuong quang hung, thanh pho thanh hoa, thanh hoa",0.8904109589041096,0.0410958904109589,0,0.04938271604938271,0.0,3,1,0
1,"so 5, khu pho yen la 2, phuong tan hong, thi xa tu son, bac ninh",0.8775510204081632,0.04081632653061224,0,0.037037037037037035,0.0,2,1,0
1,"so 1, lo d, khu nha o quy che, phuong dong ngan, thi xa tu son, bac ninh",0.8909090909090909,0.01818181818181818,0,0.04938271604938271,0.0,2,1,0
1,"thon phong lai, xa dong phong, huyen nho quan, ninh binh",0.9347826086956522,0.0,0,0.037037037037037035,0.0,0,1,0
1,"(thue nx cty dai hoang nam)cum cong nghiep vo cuong, phuong vo cuong, thanh pho bac ninh, bac ninh",0.9375,0.0,0,0.012345679012345678,0.0,0,0,0
1,"khu pho da hoi ( nha rieng tran thi hien), phuong chau khe, thi xa tu son, bac ninh",0.9230769230769231,0.0,0,0.024691358024691357,0.0,0,1,0
1,"ap 4, xa duc hoa dong, huyen duc hoa, long an",0.8857142857142857,0.02857142857142857,0,0.024691358024691357,0.0,2,1,0
1,"104 ap 2, xa my an, huyen thu thua, long an",0.7878787878787878,0.12121212121212122,0,0.037037037037037035,0.0,3,0,1
1,"so 107, duong mai thi non, khu pho 3, thi tran ben luc, huyen ben luc, long an",0.8524590163934426,0.06557377049180328,0,0.06172839506172839,0.0,4,1,0
1,"tang 2, so nha 32 duong dong a, khu do thi moi hoa vuong, phuong loc vuong, thanh pho nam dinh, nam dinh",0.9024390243902439,0.036585365853658534,0,0.06172839506172839,0.0,3,1,0
1,"khu 17, thi tran thinh long, huyen hai hau, nam dinh",0.8809523809523809,0.047619047619047616,0,0.037037037037037035,0.0,3,1,0
1,"xom doai 1, thon mai xa, xa my xa, thanh pho nam dinh, nam dinh",0.8979591836734694,0.02040816326530612,0,0.024691358024691357,0.0,2,1,0
1,"so 192 vu trong phung, phuong thong nhat, thanh pho nam dinh, nam dinh",0.8947368421052632,0.05263157894736842,0,0.024691358024691357,0.0,4,1,0
1,"duong 308, xa hiep an, huyen kinh mon, hai duong",0.8461538461538461,0.07692307692307693,0,0.024691358024691357,0.0,4,1,0
1,"47a duong 24, phuong linh dong, quan thu duc, tp ho chi minh",0.8541666666666666,0.08333333333333333,0,0.037037037037037035,0.0,3,0,1
1,"52 duong so 9, khu dan cu trung son, xa binh hung, huyen binh chanh, tp ho chi minh",0.8923076923076924,0.046153846153846156,0,0.04938271604938271,0.0,2,0,1
1,"737/90 lac long quan, phuong 10, quan tan binh, tp ho chi minh",0.78,0.14,0,0.024691358024691357,0.0,3,0,1
1,"phong 15, lau 1, toa nha ruby garden, so 2b nguyen sy sach, phuong 15, quan tan binh, tp ho chi minh",0.8481012658227848,0.0759493670886076,0,0.06172839506172839,0.0,3,1,0
1,"206/2/11 le van quoi, khu pho 15, phuong binh hung hoa a, quan binh tan, tp ho chi minh",0.7971014492753623,0.11594202898550725,0,0.037037037037037035,0.0,3,0,1
1,"90/893a nguyen van nghi, phuong 7, quan go vap, tp ho chi minh",0.8,0.12,0,0.024691358024691357,0.0,3,0,1
1,"266/1 vo van kiet, phuong co giang, quan 1, tp ho chi minh",0.8043478260869565,0.10869565217391304,0,0.024691358024691357,0.0,3,0,1
1,"52/86 nguyen sy sach, phuong 15, quan tan binh, tp ho chi minh",0.8,0.12,0,0.024691358024691357,0.0,3,0,1
1,"75/39 nguyen sy sach, phuong 15, quan tan binh, tp ho chi minh",0.8,0.12,0,0.024691358024691357,0.0,3,0,1
1,"13 duong 35, khu pho 2, phuong linh dong, quan thu duc, tp ho chi minh",0.8363636363636363,0.09090909090909091,0,0.04938271604938271,0.0,3,0,1
1,"91/33 tran tan, phuong tan son nhi, quan tan phu, tp ho chi minh",0.8431372549019608,0.0784313725490196,0,0.024691358024691357,0.0,2,0,1
1,"lau 1 saigonicom building, 490a dien bien phu, phuong 21, quan binh thanh, tp ho chi minh",0.863013698630137,0.0821917808219178,0,0.037037037037037035,0.0,4,1,0
1,"70-72 duong so 43, khu pho 4, phuong tan quy, quan 7, tp ho chi minh",0.7547169811320755,0.1509433962264151,0,0.04938271604938271,0.0,3,0,1
1,"10/1b cong lo, phuong 15, quan tan binh, tp ho chi minh",0.7954545454545454,0.11363636363636363,0,0.037037037037037035,0.0,3,0,1
1,"b1/29 quoc lo 50, ap 2a, xa binh hung, huyen binh chanh, tp ho chi minh",0.8035714285714286,0.10714285714285714,0,0.04938271604938271,0.0,3,1,0
1,"289/8 an duong vuong, phuong an lac, quan binh tan, tp ho chi minh",0.8490566037735849,0.07547169811320754,0,0.037037037037037035,0.0,3,0,1
1,"130 huynh minh muong, to 6, ap 4, xa tan thanh dong, huyen cu chi, tp ho chi minh",0.8412698412698413,0.07936507936507936,0,0.04938271604938271,0.0,3,0,1
1,"211/23a hoang hoa tham, phuong 05, quan phu nhuan, tp ho chi minh",0.7924528301886793,0.1320754716981132,0,0.024691358024691357,0.0,3,0,1
1,"177 nguyen oanh, phuong 17, quan go vap, tp ho chi minh",0.8181818181818182,0.11363636363636363,0,0.024691358024691357,0.0,3,0,1
1,"755/39 le duc tho, phuong 16, quan go vap, tp ho chi minh",0.7555555555555555,0.15555555555555556,0,0.024691358024691357,0.0,3,0,1
1,"110 thach lam, phuong phu thanh, quan tan phu, tp ho chi minh",0.8775510204081632,0.061224489795918366,0,0.024691358024691357,0.0,3,0,1
1,"so 56, duong van coi, phuong 7, quan tan binh, tp ho chi minh",0.8541666666666666,0.0625,0,0.04938271604938271,0.0,3,1,0
1,"73 duong hoa sua, phuong 07, quan phu nhuan, tp ho chi minh",0.851063829787234,0.0851063829787234,0,0.037037037037037035,0.0,3,0,1
1,"so 9/3e duong 36, khu pho 08, phuong hiep binh chanh, quan thu duc, tp ho chi minh",0.8307692307692308,0.09230769230769231,0,0.06172839506172839,0.0,3,1,0
1,"83 duong so 1, cu xa chu van an, phuong 26, quan binh thanh, tp ho chi minh",0.8448275862068966,0.08620689655172414,0,0.037037037037037035,0.0,3,0,1
1,"115 hoa lan, phuong 02, quan phu nhuan, tp ho chi minh",0.813953488372093,0.11627906976744186,0,0.024691358024691357,0.0,3,0,1
1,"so 7 nam quoc cang, phuong pham ngu lao, quan 1, tp ho chi minh",0.8979591836734694,0.04081632653061224,0,0.037037037037037035,0.0,2,1,0
1,"27/2 ap xuan thoi dong 1, xa xuan t dong, huyen hoc mon, tp ho chi minh",0.8545454545454545,0.07272727272727272,0,0.037037037037037035,0.0,2,0,1
1,"lau 3, so 85 nguyen huu cau, phuong tan dinh, quan 1, tp ho chi minh",0.8490566037735849,0.07547169811320754,0,0.04938271604938271,0.0,3,1,0
1,"123 nguyen dinh chieu, phuong 06, quan 3, tp ho chi minh",0.8,0.13333333333333333,0,0.024691358024691357,0.0,3,0,1
1,"303 chu van an, phuong 12, quan binh thanh, tp ho chi minh",0.8260869565217391,0.10869565217391304,0,0.024691358024691357,0.0,3,0,1
1,"413/7a bis nguyen kiem, phuong 09, quan phu nhuan, tp ho chi minh",0.8113207547169812,0.11320754716981132,0,0.024691358024691357,0.0,3,0,1
1,"36/70/4 duong d2, phuong 25, quan binh thanh, tp ho chi minh",0.7346938775510204,0.16326530612244897,0,0.037037037037037035,0.0,3,0,1
1,"286 co bac, phuong co giang, quan 1, tp ho chi minh",0.825,0.1,0,0.024691358024691357,0.0,3,0,1
1,"phong 606, khu b, toa nha indochina, phuong da kao, quan 1, tp ho chi minh",0.847457627118644,0.06779661016949153,0,0.04938271604938271,0.0,4,1,0
1,"26/45 tan son nhi, phuong tan son nhi, quan tan phu, tp ho chi minh",0.8490566037735849,0.07547169811320754,0,0.024691358024691357,0.0,2,0,1
1,"so 22/3 duong tch 24, khu pho 8, phuong tan chanh hiep, quan 12, tp ho chi minh",0.7903225806451613,0.12903225806451613,0,0.06172839506172839,0.0,3,1,0
1,"54/2/31 bach dang, phuong 2, quan tan binh, tp ho chi minh",0.7659574468085106,0.1276595744680851,0,0.024691358024691357,0.0,2,0,1
1,"doi 1, thon dao lam, xa doan tung, huyen thanh mien, hai duong",0.9,0.02,0,0.037037037037037035,0.0,2,1,0
1,"187/4/19 hoang hoa tham, phuong 6, quan binh thanh, tp ho chi minh",0.7777777777777778,0.12962962962962962,0,0.024691358024691357,0.0,3,0,1
1,"so 220 pham dang giang, phuong binh hung hoa, quan binh tan, tp ho chi minh",0.9,0.05,0,0.037037037037037035,0.0,4,1,0
1,"8/8 duong so 12, ap 2a, xa tan thanh tay, huyen cu chi, tp ho chi minh",0.8148148148148148,0.09259259259259259,0,0.04938271604938271,0.0,3,0,1
1,"84/62 tan son nhi, phuong tan son nhi, quan tan phu, tp ho chi minh",0.8490566037735849,0.07547169811320754,0,0.024691358024691357,0.0,2,0,1
1,"126h phan dang luu, phuong 03, quan phu nhuan, tp ho chi minh",0.8367346938775511,0.10204081632653061,0,0.024691358024691357,0.0,3,0,1
1,"so 17 duong so 5, kdc him lam, phuong tan hung, quan 7, tp ho chi minh",0.8518518518518519,0.07407407407407407,0,0.04938271604938271,0.0,3,1,0
1,"350/38/6 le duc tho, phuong 6, quan go vap, tp ho chi minh",0.7391304347826086,0.15217391304347827,0,0.024691358024691357,0.0,3,0,1
1,"257/3 duong 3/2, phuong 10, quan 10, tp ho chi minh",0.6341463414634146,0.24390243902439024,0,0.037037037037037035,0.0,3,0,1
1,"215b3 nguyen van huong, phuong thao dien, quan 2, tp ho chi minh",0.8461538461538461,0.09615384615384616,0,0.024691358024691357,0.0,3,0,1
1,"32/3 duong so 60 nguyen quy duc, khu pho 5, phuong an phu, quan 2, tp ho chi minh",0.8095238095238095,0.1111111111111111,0,0.04938271604938271,0.0,3,0,1
1,"phong 1901 toa nha saigon trade center, 37 ton duc thang, phuong ben nghe, quan 1, tp ho chi minh",0.8589743589743589,0.08974358974358974,0,0.037037037037037035,0.0,5,1,0
1,"so 200 duong to hien thanh, phuong 15, quan 10, tp ho chi minh",0.7959183673469388,0.14285714285714285,0,0.06172839506172839,0.0,4,1,0
1,"97/30/5 duong tan quy, phuong tan quy, quan tan phu, tp ho chi minh",0.8148148148148148,0.09259259259259259,0,0.037037037037037035,0.0,2,0,1
1,"so 2a, ngo cau go, phuong hang bac, quan hoan kiem, ha noi",0.8913043478260869,0.021739130434782608,0,0.024691358024691357,0.0,2,1,0
1,"so 7, pho cho gao, phuong hang buom, quan hoan kiem, ha noi",0.8936170212765957,0.02127659574468085,0,0.024691358024691357,0.0,2,1,0
1,"so 7, ngach 64/19 phan dinh giot, phuong phuong liet, quan thanh xuan, ha noi",0.8412698412698413,0.07936507936507936,0,0.037037037037037035,0.0,3,1,0
1,"so 12, ngo 460/37, duong khuong dinh, phuong ha dinh, quan thanh xuan, ha noi",0.7936507936507936,0.1111111111111111,0,0.037037037037037035,0.0,4,1,0
1,"702a toa nha rubyland- 04 le quat, phuong tan thoi hoa, quan tan phu, tp ho chi minh",0.8656716417910447,0.07462686567164178,0,0.037037037037037035,0.0,3,0,1
1,"to 5, khu 7, phuong cam phu, thanh pho cam pha, quang ninh",0.8695652173913043,0.043478260869565216,0,0.037037037037037035,0.0,2,1,0
1,"225 thong nhat, phuong thanh son, tp. phan rang-thap cham, ninh thuan",0.8620689655172413,0.05172413793103448,0,0.012345679012345678,0.0,3,0,1
1,"so 01 phan thanh gian, khu pho 2, phuong dai son, tp. phan rang-thap cham, ninh thuan",0.8695652173913043,0.043478260869565216,0,0.037037037037037035,0.0,3,1,0
1,"sn 5b/88 dang tien dong, phuong dong tho, thanh pho thanh hoa, thanh hoa",0.8813559322033898,0.05084745762711865,0,0.012345679012345678,0.0,2,1,0
1,"88/1e nguyen khoai, phuong 02, quan 4, tp ho chi minh",0.7674418604651163,0.13953488372093023,0,0.024691358024691357,0.0,3,0,1
1,"92 phan van hon, phuong tan thoi nhat, quan 12, tp ho chi minh",0.8571428571428571,0.08163265306122448,0,0.024691358024691357,0.0,3,0,1
1,"175/15 nguyen van cong, phuong 3, quan go vap, tp ho chi minh",0.7959183673469388,0.12244897959183673,0,0.024691358024691357,0.0,3,0,1
1,"75 duong 1, khu hiep an, phuong 5, quan 8, tp ho chi minh",0.7954545454545454,0.11363636363636363,0,0.04938271604938271,0.0,2,0,1
1,"tang lung, toa nha an phu plaza, 117-119 ly chinh thang, phuong 07, quan 3, tp ho chi minh",0.7916666666666666,0.125,0,0.04938271604938271,0.0,4,1,0
1,"772 vo van kiet, phuong 05, quan 5, tp ho chi minh",0.7692307692307693,0.15384615384615385,0,0.024691358024691357,0.0,3,0,1
1,"79/6 duong so 10, khu pho 3, phuong tam binh, quan thu duc, tp ho chi minh",0.8103448275862069,0.10344827586206896,0,0.04938271604938271,0.0,3,0,1
1,"838/25 cach mang thang 8, phuong 5, quan tan binh, tp ho chi minh",0.7884615384615384,0.1346153846153846,0,0.024691358024691357,0.0,3,0,1
1,"88 duong d2, phuong 25, quan binh thanh, tp ho chi minh",0.8181818181818182,0.11363636363636363,0,0.037037037037037035,0.0,3,0,1
1,"416/43/18 duong quang ham, phuong 5, quan go vap, tp ho chi minh",0.75,0.15384615384615385,0,0.037037037037037035,0.0,3,0,1
1,"42 nguyen cuu van, phuong 17, quan binh thanh, tp ho chi minh",0.8571428571428571,0.08163265306122448,0,0.024691358024691357,0.0,3,0,1
1,"8/5f xuan thoi thuong 7, ap 3, xa xuan thoi thuong, huyen hoc mon, tp ho chi minh",0.859375,0.0625,0,0.037037037037037035,0.0,2,0,1
1,"29 trieu quang phuc, phuong 10, quan 5, tp ho chi minh",0.813953488372093,0.11627906976744186,0,0.024691358024691357,0.0,3,0,1
1,"195/113a xo viet nghe tinh, phuong 17, quan binh thanh, tp ho chi minh",0.7894736842105263,0.14035087719298245,0,0.024691358024691357,0.0,3,0,1
1,"so 55 lien khu 2-5, khu pho 5, phuong binh tri dong, quan binh tan, tp ho chi minh",0.84375,0.078125,0,0.04938271604938271,0.0,3,1,0
1,"53 duong so 4, khu him lam, phuong tan hung, quan 7, tp ho chi minh",0.8461538461538461,0.07692307692307693,0,0.04938271604938271,0.0,2,0,1
1,"256/151 phan huy ich, phuong 12, quan go vap, tp ho chi minh",0.75,0.16666666666666666,0,0.024691358024691357,0.0,3,0,1
1,"53 duong so 4, khu him lam, phuong tan hung, quan 7, tp ho chi minh",0.8461538461538461,0.07692307692307693,0,0.04938271604938271,0.0,2,0,1
1,"48 duong so 18, khu dan cu 6a him lam, ap 4, xa binh hung, huyen binh chanh, tp ho chi minh",0.8428571428571429,0.08571428571428572,0,0.06172839506172839,0.0,3,0,1
1,"tang lung, toa nha an phu plaza, 117-119 ly chinh thang, phuong 07, quan 3, tp ho chi minh",0.7916666666666666,0.125,0,0.04938271604938271,0.0,4,1,0
1,"5/19 nguyen cuu dam, phuong tan son nhi, quan tan phu, tp ho chi minh",0.8727272727272727,0.05454545454545454,0,0.024691358024691357,0.0,2,0,1
1,"so 38, duong t4b, phuong tay thanh, quan tan phu, tp ho chi minh",0.8627450980392157,0.058823529411764705,0,0.04938271604938271,0.0,3,1,0
1,"so 20, duong 27a, to 1, kp 6, phuong phuoc long b, quan 9, tp ho chi minh",0.7678571428571429,0.125,0,0.07407407407407407,0.0,3,1,0
1,"so 177, duong phung chi kien, phuong ha huy tap, thanh pho vinh, nghe an",0.8793103448275862,0.05172413793103448,0,0.037037037037037035,0.0,4,1,0
1,"7 mai lao bang, phuong an hoa, thanh pho hue, thua thien - hue",0.8979591836734694,0.02040816326530612,0,0.024691358024691357,0.0,1,0,1
1,"13 ngo thoi nham, phuong thuan hoa, thanh pho hue, thua thien - hue",0.8888888888888888,0.037037037037037035,0,0.024691358024691357,0.0,2,0,1
1,"127 le duan, phuong phu thuan, thanh pho hue, thua thien - hue",0.86,0.06,0,0.024691358024691357,0.0,3,0,1
1,"so 5/12 duong au co, phuong vinh lac, thanh pho rach gia, kien giang",0.8727272727272727,0.05454545454545454,0,0.037037037037037035,0.0,2,1,0
1,"so 102, ap 1, xa vinh hoa hung bac, huyen go quao, kien giang",0.8333333333333334,0.08333333333333333,0,0.037037037037037035,0.0,4,1,0
1,"p1 26-27, duong 3/2, phuong an hoa, thanh pho rach gia, kien giang",0.7592592592592593,0.12962962962962962,0,0.024691358024691357,0.0,4,1,0
1,"l1-08, khu tai dinh cu truong thpt chau thanh, khu pho minh, thi tran minh luong, huyen chau thanh, kien giang",0.9,0.03333333333333333,0,0.037037037037037035,0.0,2,1,0
1,"a13, khu quy hoach bau va, phuong thuy xuan, thanh pho hue, thua thien - hue",0.8852459016393442,0.03278688524590164,0,0.037037037037037035,0.0,2,1,0
1,"duong tran hung dao, to 2, khu pho 1, thi tran duong dong, huyen phu quoc, kien giang",0.8970588235294118,0.029411764705882353,0,0.06172839506172839,0.0,2,1,0
1,"to 2, ap rach ham, xa ham ninh, huyen phu quoc, kien giang",0.8913043478260869,0.021739130434782608,0,0.037037037037037035,0.0,2,1,0
1,"to 8, duong nguyen hue, khu pho 5, thi tran duong dong, huyen phu quoc, kien giang",0.8939393939393939,0.030303030303030304,0,0.06172839506172839,0.0,2,1,0
1,"so 2, ngach 8, ngo 645 duong de la thanh, phuong thanh cong, quan ba dinh, ha noi",0.84375,0.078125,0,0.04938271604938271,0.0,4,1,0
1,"so 27, pho lang ha, phuong thanh cong, quan ba dinh, ha noi",0.8723404255319149,0.0425531914893617,0,0.024691358024691357,0.0,3,1,0
1,"so 6, ngo 188, to dan pho lien co, phuong dai mo, quan nam tu liem, ha noi",0.8421052631578947,0.07017543859649122,0,0.037037037037037035,0.0,4,1,0
1,"so 35, ngach 11b, ngo 332, duong hoang cong chat, phuong phu dien, quan bac tu liem, ha noi",0.821917808219178,0.0958904109589041,0,0.04938271604938271,0.0,4,1,0
1,"so 56, pho mieu dam, phuong me tri, quan nam tu liem, ha noi",0.8723404255319149,0.0425531914893617,0,0.024691358024691357,0.0,3,1,0
1,"khom 3, thi tran dinh an, huyen tra cu, tra vinh",0.8947368421052632,0.02631578947368421,0,0.037037037037037035,0.0,2,1,0
1,"ap binh an, xa song binh, huyen cho gao, tien giang",0.926829268292683,0.0,0,0.024691358024691357,0.0,0,1,0
1,"so 4/12 nguyen huynh duc, phuong 8, thanh pho my tho, tien giang",0.8461538461538461,0.07692307692307693,0,0.024691358024691357,0.0,2,1,0
1,"so 638, ap 2, xa dao thanh, thanh pho my tho, tien giang",0.8181818181818182,0.09090909090909091,0,0.037037037037037035,0.0,4,1,0
1,"71 nguyen thi thap, phuong 10, thanh pho my tho, tien giang",0.8541666666666666,0.08333333333333333,0,0.012345679012345678,0.0,3,0,1
1,"33 duong lam son, phuong ba ngoi, thanh pho cam ranh, khanh hoa",0.9019607843137255,0.0392156862745098,0,0.024691358024691357,0.0,2,0,1
1,"ap an hung, thi tran an phu, huyen an phu, an giang",0.925,0.0,0,0.037037037037037035,0.0,0,1,0
1,"toa nha trung tam thuong mai cuu long plaza, phuong tan thanh, thanh pho ca mau, ca mau",0.9571428571428572,0.0,0,0.024691358024691357,0.0,0,1,0
1,"so 95, duong huynh ngoc diep, khom 5, phuong 5, thanh pho ca mau, ca mau",0.8421052631578947,0.07017543859649122,0,0.04938271604938271,0.0,3,1,0
1,"so 26/5 quoc lo 20, to 1, thi tran lien nghia, huyen duc trong, lam dong",0.8070175438596491,0.10526315789473684,0,0.06172839506172839,0.0,3,1,0
1,"so 33, xo viet nghe tinh, phuong 7, thanh pho da lat, lam dong",0.8571428571428571,0.061224489795918366,0,0.024691358024691357,0.0,3,1,0
1,"so 2b, huynh thuc khang, phuong 4, thanh pho da lat, lam dong",0.8775510204081632,0.04081632653061224,0,0.024691358024691357,0.0,2,1,0
1,"to 20, thi tran lien nghia, huyen duc trong, lam dong",0.8837209302325582,0.046511627906976744,0,0.037037037037037035,0.0,3,1,0
1,"so 10 duong pasteur, phuong 4, thanh pho da lat, lam dong",0.8695652173913043,0.06521739130434782,0,0.037037037037037035,0.0,3,1,0
1,"253 phan chu trinh, phuong phuoc hoa, thanh pho tam ky, quang nam",0.8867924528301887,0.05660377358490566,0,0.012345679012345678,0.0,3,0,1
1,"thon phu hai, xa dai hiep, huyen dai loc, quang nam",0.926829268292683,0.0,0,0.024691358024691357,0.0,0,1,0
1,"so nha 57, khu do thi noong duc, to 8, phuong chieng sinh, tp. son la, son la",0.85,0.05,0,0.04938271604938271,0.0,3,1,0
1,"duong 30/4, phuong 3, thanh pho bac lieu, bac lieu",0.8048780487804879,0.0975609756097561,0,0.024691358024691357,0.0,3,1,0
1,"tang 8, toa nha thuy loi 4, 205a nguyen xi, phuong 26, quan binh thanh, tp ho chi minh",0.8235294117647058,0.10294117647058823,0,0.04938271604938271,0.0,4,1,0
1,"khu cong nghiep dai dong - hoan son, xa hoan son, huyen tien du, bac ninh",0.9310344827586207,0.0,0,0.024691358024691357,0.0,0,1,0
1,"lo a1 kcn dai dong - hoan son, xa hoan son, huyen tien du, bac ninh",0.9038461538461539,0.019230769230769232,0,0.037037037037037035,0.0,1,1,0
1,"sn 54, duong luong van thang, pho 7, phuong dong thanh, thanh pho ninh binh, ninh binh",0.8857142857142857,0.04285714285714286,0,0.024691358024691357,0.0,3,1,0
1,"385 nguyen van linh, phuong thac gian, quan thanh khe, da nang",0.8823529411764706,0.058823529411764705,0,0.012345679012345678,0.0,3,0,1
1,"duy duong, xa trung luong, huyen binh luc, ha nam",0.925,0.0,0,0.024691358024691357,0.0,0,1,0
1,"thon ben, xa trung luong, huyen binh luc, ha nam",0.9230769230769231,0.0,0,0.024691358024691357,0.0,0,1,0
1,"thon 6, xa tan hop, huyen van yen, yen bai",0.8787878787878788,0.030303030303030304,0,0.024691358024691357,0.0,2,1,0
1,"ap my tuong, xa my duc tay, huyen cai be, tien giang",0.926829268292683,0.0,0,0.024691358024691357,0.0,0,1,0
1,"so 70 vo thi sau, phuong may to, quan ngo quyen, hai phong",0.8913043478260869,0.043478260869565216,0,0.037037037037037035,0.0,3,1,0
1,"473 nguyen an ninh, phuong 9, thanh pho vung tau, ba ria - vung tau",0.8490566037735849,0.07547169811320754,0,0.012345679012345678,0.0,3,0,1
1,"thon nai van, xa vu ban, huyen binh luc, ha nam",0.918918918918919,0.0,0,0.024691358024691357,0.0,0,1,0
1,"so 370, to 13, ap tan lap, xa an dien, thi xa ben cat, binh duong",0.8,0.1,0,0.06172839506172839,0.0,4,1,0
1,"so 128/23 duong nguyen thai binh,to 3, khu pho 9, phuong phu hoa, thanh pho thu dau mot, binh duong",0.8375,0.0875,0,0.06172839506172839,0.0,4,1,0
1,"so 2a-dc 17, khu dan cu viet sing, ap 4, phuong an phu, tx thuan an, binh duong",0.8387096774193549,0.06451612903225806,0,0.06172839506172839,0.0,3,1,0
1,"so 51/29b, khu pho dong chieu, tx di an, binh duong",0.8048780487804879,0.0975609756097561,0,0.04938271604938271,0.0,3,1,0
1,"so 9/22, lo 2, khu pho binh hoa, phuong lai thieu, tx thuan an, binh duong",0.8305084745762712,0.06779661016949153,0,0.06172839506172839,0.0,2,1,0
1,"o so 4, lo 1, to 84, duong tan mai, phuong tan mai, quan hoang mai, ha noi",0.8245614035087719,0.07017543859649122,0,0.06172839506172839,0.0,3,1,0
1,"16-18, pho trang thi, phuong hang trong, quan hoan kiem, ha noi",0.8269230769230769,0.07692307692307693,0,0.012345679012345678,0.0,2,0,1
1,"tang 21 capital tower so 109 tran hung dao, phuong cua nam, quan hoan kiem, ha noi",0.8787878787878788,0.07575757575757576,0,0.037037037037037035,0.0,4,1,0
1,"so 15, ngo 19 luong khanh thien, phuong tuong mai, quan hoang mai, ha noi",0.864406779661017,0.06779661016949153,0,0.024691358024691357,0.0,3,1,0
1,"so 69a, ngo 2, pho tay tra, phuong tran phu, quan hoang mai, ha noi",0.8490566037735849,0.05660377358490566,0,0.024691358024691357,0.0,3,1,0
1,"so 101, duong nghi tam, phuong yen phu, quan tay ho, ha noi",0.851063829787234,0.06382978723404255,0,0.037037037037037035,0.0,4,1,0
1,"so 43a, ngach 43, ngo 151, duong nguyen duc canh, phuong tuong mai, quan hoang mai, ha noi",0.821917808219178,0.0958904109589041,0,0.04938271604938271,0.0,4,1,0
1,"so 11, ngo 262, pho thuy khue, phuong thuy khue, quan tay ho, ha noi",0.8148148148148148,0.09259259259259259,0,0.024691358024691357,0.0,4,1,0
1,"so nha 11, ngo 83, duong ngoc hoi, phuong hoang liet, quan hoang mai, ha noi",0.8524590163934426,0.06557377049180328,0,0.037037037037037035,0.0,3,1,0
1,"so 8 trieu viet vuong, phuong bui thi xuan, quan hai ba trung, ha noi",0.9272727272727272,0.01818181818181818,0,0.024691358024691357,0.0,2,1,0
1,"so 8, ngach 236/49, pho dai tu, phuong dai kim, quan hoang mai, ha noi",0.7857142857142857,0.10714285714285714,0,0.037037037037037035,0.0,4,1,0
1,"so 127 tam trinh, phuong mai dong, quan hoang mai, ha noi",0.8695652173913043,0.06521739130434782,0,0.024691358024691357,0.0,4,1,0
1,"so 188, duong nguyen luogn bang, to 2, phuong quyet thang, tp. son la, son la",0.8387096774193549,0.06451612903225806,0,0.04938271604938271,0.0,4,1,0
1,"thon ha la ha, xa phuoc thang, huyen bac ai, ninh thuan",0.9318181818181818,0.0,0,0.024691358024691357,0.0,0,1,0
1,"to 57, khu hai son, phuong cam dong, thanh pho cam pha, quang ninh",0.8867924528301887,0.03773584905660377,0,0.037037037037037035,0.0,3,1,0
1,"thon 1, xa cu sue, huyen cu m'gar, dac lac",0.8484848484848485,0.030303030303030304,0,0.024691358024691357,0.0,2,1,0
1,"thon khanh nhon 1, xa nhon hai, huyen ninh hai, ninh thuan",0.9148936170212766,0.02127659574468085,0,0.024691358024691357,0.0,2,1,0
1,"to dan cu nam tho, phuong nam cuong, thanh pho yen bai, yen bai",0.94,0.0,0,0.024691358024691357,0.0,0,1,0
1,"to 40, phuong dong tam, thanh pho yen bai, yen bai",0.875,0.05,0,0.024691358024691357,0.0,3,1,0
1,"so nha 132, duong ly thuong kiet, to 16b, phuong nguyen thai hoc, thanh pho yen bai, yen bai",0.8648648648648649,0.06756756756756757,0,0.04938271604938271,0.0,4,1,0
1,"to 11, phuong na lay, thi xa muong lay, dien bien",0.8717948717948718,0.05128205128205128,0,0.024691358024691357,0.0,3,1,0
1,"to 6, ap 4, xa tan khai, huyen hon quan, binh phuoc",0.85,0.05,0,0.04938271604938271,0.0,2,1,0
1,"1/8 dang tat, phuong vinh hai, thanh pho nha trang, khanh hoa",0.88,0.04,0,0.012345679012345678,0.0,1,0,1
1,"thon phuoc trung, xa phuoc dong, thanh pho nha trang, khanh hoa",0.9423076923076923,0.0,0,0.024691358024691357,0.0,0,1,0
1,"37 mac dinh chi, phuong phuoc tien, thanh pho nha trang, khanh hoa",0.9074074074074074,0.037037037037037035,0,0.012345679012345678,0.0,2,0,1
1,"to dan pho phu thanh, phuong ninh thuy, thi xa ninh hoa, khanh hoa",0.9433962264150944,0.0,0,0.024691358024691357,0.0,0,1,0
1,"89-89c bach dang, phuong tan lap, thanh pho nha trang, khanh hoa",0.8490566037735849,0.07547169811320754,0,0.012345679012345678,0.0,2,0,1
1,"thua dat so 774, to ban do so 32, khu dan cu kim thanh, khu, phuong khanh binh, thi xa tan uyen, binh duong",0.8690476190476191,0.05952380952380952,0,0.07407407407407407,0.0,4,1,0
1,"so 40, duong so 13, khu pho thong nhat 1, phuong di an, tx di an, binh duong",0.8305084745762712,0.0847457627118644,0,0.037037037037037035,0.0,3,1,0
1,"so b665, lang chuyen gia oasis 2, phuong an phu, tx thuan an, binh duong",0.8620689655172413,0.06896551724137931,0,0.037037037037037035,0.0,3,1,0
1,"so 10, duong so 7, khu pho thong nhat 1, phuong di an, tx di an, binh duong",0.8448275862068966,0.06896551724137931,0,0.037037037037037035,0.0,3,1,0
1,"so 1544c, khu pho my hiep, thi xa tan uyen, binh duong",0.8372093023255814,0.09302325581395349,0,0.04938271604938271,0.0,5,1,0
1,"so 12, khu pho 8, phuong tuong binh hiep, thanh pho thu dau mot, binh duong",0.8833333333333333,0.05,0,0.04938271604938271,0.0,3,1,0
1,"so 49, duong le thi trung, khu 2, phuong phu loi, thanh pho thu dau mot, binh duong",0.8787878787878788,0.045454545454545456,0,0.04938271604938271,0.0,3,1,0
1,"so 225e2 khu pho long lien, thi tran long dien, huyen long dien, ba ria - vung tau",0.8769230769230769,0.06153846153846154,0,0.04938271604938271,0.0,4,1,0
1,"lau 1 so c26, kp 1, phuong buu long, thanh pho bien hoa, dong nai",0.8431372549019608,0.0784313725490196,0,0.04938271604938271,0.0,2,1,0
1,"so 46b, to 32, kp 3, phuong trang dai, thanh pho bien hoa, dong nai",0.8113207547169812,0.09433962264150944,0,0.04938271604938271,0.0,3,1,0
1,"so 383 hung vuong, ap 3, xa hiep phuoc, huyen nhon trach, dong nai",0.8490566037735849,0.07547169811320754,0,0.037037037037037035,0.0,4,1,0
1,"d6, kp 1, phuong trang dai, thanh pho bien hoa, dong nai",0.8666666666666667,0.044444444444444446,0,0.024691358024691357,0.0,2,1,0
1,"to 1, kp 5, duong nguyen trung truc, thi tran vinh an, huyen vinh cuu, dong nai",0.8888888888888888,0.031746031746031744,0,0.06172839506172839,0.0,2,1,0
1,"so 51, duong so 2, khu dan cu hiep thanh i, phuong hiep thanh, thanh pho thu dau mot, binh duong",0.8947368421052632,0.039473684210526314,0,0.037037037037037035,0.0,3,1,0
1,"so 353 quoc lo 46 khoi mai hac de, thi tran nam dan, huyen nam dan, nghe an",0.8620689655172413,0.08620689655172414,0,0.06172839506172839,0.0,4,1,0
1,"so 394, duong pham hong thai, khoi 2, phuong vinh tan, thanh pho vinh, nghe an",0.8571428571428571,0.06349206349206349,0,0.04938271604938271,0.0,4,1,0
1,"so 10, ngo 136c, duong tue tinh, phuong ha huy tap, thanh pho vinh, nghe an",0.8333333333333334,0.08333333333333333,0,0.037037037037037035,0.0,4,1,0
1,"so 85, duong nguyen phong sac, phuong hung dung, thanh pho vinh, nghe an",0.8983050847457628,0.03389830508474576,0,0.037037037037037035,0.0,3,1,0
1,"so 160 duong truong chinh, phuong le loi, thanh pho vinh, nghe an",0.8867924528301887,0.05660377358490566,0,0.037037037037037035,0.0,4,1,0
1,"so 91, duong ha huy tap, thi tran cam xuyen, huyen cam xuyen, ha tinh",0.8909090909090909,0.03636363636363636,0,0.04938271604938271,0.0,3,1,0
1,"u14 duong chau van dang, khom 7, phuong 1, thanh pho bac lieu, bac lieu",0.8596491228070176,0.07017543859649122,0,0.037037037037037035,0.0,2,1,0
1,"ngo 9, duong nguyen tat thanh, phuong khai quang, thanh pho vinh yen, vinh phuc",0.9230769230769231,0.015384615384615385,0,0.024691358024691357,0.0,2,1,0
1,"so nha 126, duong hai ba trung, phuong tho son, thanh pho viet tri, phu tho",0.8833333333333333,0.05,0,0.037037037037037035,0.0,4,1,0
1,"to 16 pho doan ket, phuong tien cat, thanh pho viet tri, phu tho",0.9019607843137255,0.0392156862745098,0,0.024691358024691357,0.0,3,1,0
1,"khu ben gao, xa van luong, huyen tan son, phu tho",0.9230769230769231,0.0,0,0.024691358024691357,0.0,0,1,0
1,"484/19, kv binh an, phuong long hoa, quan binh thuy, can tho",0.7959183673469388,0.10204081632653061,0,0.024691358024691357,0.0,3,0,1
1,"195a, to 22, ap my ai, xa my khanh, huyen phong dien, can tho",0.7916666666666666,0.10416666666666667,0,0.037037037037037035,0.0,3,0,1
1,"139, nguyen van cu, phuong an hoa, quan ninh kieu, can tho",0.851063829787234,0.06382978723404255,0,0.012345679012345678,0.0,3,0,1
1,"17/3, khu vuc 1, le hong phong, phuong binh thuy, quan binh thuy, can tho",0.8305084745762712,0.06779661016949153,0,0.024691358024691357,0.0,2,0,1
1,"9/1a, hem 291, duong 30/4, phuong xuan khanh, quan ninh kieu, can tho",0.7368421052631579,0.14035087719298245,0,0.037037037037037035,0.0,4,0,1
1,"03-n5 duong d8, cong ty thien loc (lo so 13a), khu do thi mo, phuong phu thu, quan cai rang, can tho",0.8227848101265823,0.0759493670886076,0,0.06172839506172839,0.0,3,0,1
1,"b04/42 duong 23/8, khom tra kha, phuong 8, thanh pho bac lieu, bac lieu",0.7586206896551724,0.13793103448275862,0,0.037037037037037035,0.0,3,1,0
1,"thon coc khe, xa pham ngu lao, huyen kim dong, hung yen",0.9318181818181818,0.0,0,0.024691358024691357,0.0,0,1,0
1,"lo 3, khu do thi ky ba, phuong ky ba, thanh pho thai binh, thai binh",0.9056603773584906,0.018867924528301886,0,0.037037037037037035,0.0,2,1,0
1,"so 52/84/36h duong nguyen hue, phuong 2, thanh pho vinh long, vinh long",0.7966101694915254,0.11864406779661017,0,0.037037037037037035,0.0,3,1,0
1,"lo e4 ap my loi, xa my hoa, thi xa binh minh, vinh long",0.9047619047619048,0.023809523809523808,0,0.037037037037037035,0.0,1,1,0
1,"so 175a duong tran dai nghia, phuong 4, thanh pho vinh long, vinh long",0.8771929824561403,0.07017543859649122,0,0.037037037037037035,0.0,4,1,0
1,"ap tay thuong, xa my hiep, huyen cho moi, an giang",0.925,0.0,0,0.024691358024691357,0.0,0,1,0
1,"14b/8, le hong phong, phuong binh thuy, quan binh thuy, can tho",0.8461538461538461,0.057692307692307696,0,0.012345679012345678,0.0,2,0,1
1,"lo d, khu cong nghiep chau son, phuong chau son, thanh pho phu ly, ha nam",0.9310344827586207,0.0,0,0.037037037037037035,0.0,0,1,0
1,"ql5, thon trai, xa di su, huyen my hao, hung yen",0.868421052631579,0.02631578947368421,0,0.037037037037037035,0.0,1,1,0
1,"thon cao trai, xa van du, huyen an thi, hung yen",0.9210526315789473,0.0,0,0.024691358024691357,0.0,0,1,0
1,"thon lieu xa, xa lieu xa, huyen yen my, hung yen",0.9210526315789473,0.0,0,0.024691358024691357,0.0,0,1,0
1,"thon bui xa, xa trung hoa, huyen yen my, hung yen",0.9230769230769231,0.0,0,0.024691358024691357,0.0,0,1,0
1,"thon kim nguu, xa tan tien, huyen van giang, hung yen",0.9302325581395349,0.0,0,0.024691358024691357,0.0,0,1,0
1,"thon nguyen xa, xa nhan hoa, huyen my hao, hung yen",0.926829268292683,0.0,0,0.024691358024691357,0.0,0,1,0
1,"134 - a23 to hien thanh, phuong 15, quan 10, tp ho chi minh",0.717391304347826,0.1956521739130435,0,0.037037037037037035,0.0,3,0,1
1,"416/11 duong quang ham, phuong 5, quan go vap, tp ho chi minh",0.7959183673469388,0.12244897959183673,0,0.037037037037037035,0.0,3,0,1
1,"khu b2 lo 04 phan ton, phuong my an, quan ngu hanh son, da nang",0.8775510204081632,0.061224489795918366,0,0.037037037037037035,0.0,3,1,0
1,"lo c1, kcn dich vu thuy san da nang, phuong tho quang, quan son tra, da nang",0.9166666666666666,0.016666666666666666,0,0.037037037037037035,0.0,1,1,0
1,"thon nam cong, xa thanh tan, huyen thanh liem, ha nam",0.9302325581395349,0.0,0,0.024691358024691357,0.0,0,1,0
1,"so 146 bach dang, thi tran nui deo, huyen thuy nguyen, hai phong",0.8846153846153846,0.057692307692307696,0,0.037037037037037035,0.0,4,1,0
1,"so 1180 lo 2 nguyen binh khiem, phuong dong hai 2, quan hai an, hai phong",0.8448275862068966,0.10344827586206896,0,0.037037037037037035,0.0,5,1,0
1,"so 1/54 duong nguyen binh khiem, phuong lach tray, quan ngo quyen, hai phong",0.8888888888888888,0.047619047619047616,0,0.037037037037037035,0.0,2,1,0
1,"khu pho tra khe 1 (tai nha ong hoang xuan dinh), phuong anh dung, quan duong kinh, hai phong",0.918918918918919,0.013513513513513514,0,0.037037037037037035,0.0,2,1,0
1,"thon kenh trach (tai nha ong pham van du), xa hung nhan, huyen vinh bao, hai phong",0.9242424242424242,0.0,0,0.024691358024691357,0.0,0,1,0
1,"so 19/52 hung due vuong, phuong thuong ly, quan hong bang, hai phong",0.8571428571428571,0.07142857142857142,0,0.024691358024691357,0.0,3,1,0
1,"khu 4 (tai nha ong pham van phip), thi tran tien lang, huyen tien lang, hai phong",0.9076923076923077,0.015384615384615385,0,0.037037037037037035,0.0,2,1,0
1,"so 6/lo 1/81 duong thien loi, phuong nghia xa, quan le chan, hai phong",0.8421052631578947,0.07017543859649122,0,0.04938271604938271,0.0,2,1,0
1,"so 150 nguyen binh khiem, phuong dang giang, quan ngo quyen, hai phong",0.896551724137931,0.05172413793103448,0,0.024691358024691357,0.0,4,1,0
1,"so 11/45 nguyen huu tue, phuong gia vien, quan ngo quyen, hai phong",0.8545454545454545,0.07272727272727272,0,0.024691358024691357,0.0,3,1,0
1,"so 29 cai tat, khu do thi an dong, xa an dong, huyen an duong, hai phong",0.8928571428571429,0.03571428571428571,0,0.04938271604938271,0.0,3,1,0
1,"so 12/63 cho don, phuong nghia xa, quan le chan, hai phong",0.8297872340425532,0.0851063829787234,0,0.024691358024691357,0.0,3,1,0
1,"so 27 hang be, phuong hang bac, quan hoan kiem, ha noi",0.8837209302325582,0.046511627906976744,0,0.024691358024691357,0.0,3,1,0
1,"so 17 hang hanh, phuong hang trong, quan hoan kiem, ha noi",0.8936170212765957,0.0425531914893617,0,0.024691358024691357,0.0,3,1,0
1,"so nha 30, ngo 12 pho dao tan, phuong cong vi, quan ba dinh, ha noi",0.8461538461538461,0.07692307692307693,0,0.024691358024691357,0.0,3,1,0
1,"thon bach tru, xa tien thang, huyen me linh, ha noi",0.926829268292683,0.0,0,0.024691358024691357,0.0,0,1,0
1,"to dan pho hong phong (tai nha ong doan van dung), phuong minh duc, quan do son, hai phong",0.9305555555555556,0.0,0,0.024691358024691357,0.0,0,1,0
1,"to 18 (tai nha ong doan dinh cuong), phuong lam ha, quan kien an, hai phong",0.8833333333333333,0.03333333333333333,0,0.024691358024691357,0.0,3,1,0
1,"so 85 cat cut, phuong an bien, quan le chan, hai phong",0.8837209302325582,0.046511627906976744,0,0.024691358024691357,0.0,3,1,0
1,"so 36 ba trieu, phuong hang bai, quan hoan kiem, ha noi",0.8863636363636364,0.045454545454545456,0,0.024691358024691357,0.0,3,1,0
1,"so 21 ngo 125 pho vinh phuc, phuong vinh phuc, quan ba dinh, ha noi",0.8490566037735849,0.09433962264150944,0,0.024691358024691357,0.0,4,1,0
1,"so 13m3, ngo 147, duong tan mai, phuong tan mai, quan hoang mai, ha noi",0.8070175438596491,0.10526315789473684,0,0.037037037037037035,0.0,4,1,0
1,"so 64, ngo 56, pho ngo sy lien, phuong van mieu, quan dong da, ha noi",0.8333333333333334,0.07407407407407407,0,0.024691358024691357,0.0,3,1,0
1,"so 38, ngo 161, pho thai ha, phuong lang ha, quan dong da, ha noi",0.803921568627451,0.09803921568627451,0,0.024691358024691357,0.0,4,1,0
1,"so nha b13 khu tai dinh cu x4, phuong mai dich, quan cau giay, ha noi",0.8888888888888888,0.05555555555555555,0,0.037037037037037035,0.0,2,1,0
1,"so 21 duong le duc tho, phuong my dinh 2, quan nam tu liem, ha noi",0.8823529411764706,0.058823529411764705,0,0.037037037037037035,0.0,3,1,0
1,"so 38a, ngo 52 minh khai, phuong truong dinh, quan hai ba trung, ha noi",0.8596491228070176,0.07017543859649122,0,0.024691358024691357,0.0,3,1,0
1,"tang 2 toa nha trung yen , duong vu pham ham, phuong yen hoa, quan cau giay, ha noi",0.9230769230769231,0.015384615384615385,0,0.04938271604938271,0.0,2,1,0
1,"so nha 20, ngo 67/35 duong phung khoang, phuong trung van, quan nam tu liem, ha noi",0.835820895522388,0.08955223880597014,0,0.037037037037037035,0.0,3,1,0
1,"so 153, to 3, pho hoa lam, phuong viet hung, quan long bien, ha noi",0.8301886792452831,0.07547169811320754,0,0.037037037037037035,0.0,4,1,0
1,"so 9, ngach 8, ngo 203, pho kim nguu, phuong thanh luong, quan hai ba trung, ha noi",0.8333333333333334,0.07575757575757576,0,0.037037037037037035,0.0,4,1,0
1,"so 22a, ngo 158, duong nguyen son, phuong bo de, quan long bien, ha noi",0.8245614035087719,0.08771929824561403,0,0.037037037037037035,0.0,4,1,0
1,"so 5 - a30, ngach 184, ngo quynh, duong thanh nhan, phuong bach mai, quan hai ba trung, ha noi",0.8266666666666667,0.08,0,0.04938271604938271,0.0,4,1,0
1,"so 55, ngo 271 bui xuong trach, to 15, phuong khuong dinh, quan thanh xuan, ha noi",0.8181818181818182,0.10606060606060606,0,0.037037037037037035,0.0,4,1,0
1,"so 53, pho vuong thua vu, phuong khuong mai, quan thanh xuan, ha noi",0.8909090909090909,0.03636363636363636,0,0.037037037037037035,0.0,3,1,0
1,"so 41, ngach 28/21 ngo van huong, phuong hang bot, quan dong da, ha noi",0.8070175438596491,0.10526315789473684,0,0.037037037037037035,0.0,3,1,0
1,"so 18, ngo 59 lang ha, phuong thanh cong, quan ba dinh, ha noi",0.8367346938775511,0.08163265306122448,0,0.024691358024691357,0.0,3,1,0
1,"so 5, ngo 32 phan van truong, phuong dich vong hau, quan cau giay, ha noi",0.8793103448275862,0.05172413793103448,0,0.024691358024691357,0.0,3,1,0
1,"thon phu hoa, xa binh phu, huyen thach that, ha noi",0.926829268292683,0.0,0,0.024691358024691357,0.0,0,1,0
1,"cum 5, xa long xuyen, huyen phuc tho, ha noi",0.8857142857142857,0.02857142857142857,0,0.012345679012345678,0.0,2,1,0
1,"78 duong 2/4, phuong van thanh, thanh pho nha trang, khanh hoa",0.8431372549019608,0.0784313725490196,0,0.024691358024691357,0.0,2,0,1
1,"so 1025 duong 2/4, phuong van thanh, thanh pho nha trang, khanh hoa",0.8181818181818182,0.10909090909090909,0,0.037037037037037035,0.0,5,1,0
1,"114 nguyen phan chanh, xa vinh luong, thanh pho nha trang, khanh hoa",0.8928571428571429,0.05357142857142857,0,0.012345679012345678,0.0,3,0,1
1,"78 le dai hanh, phuong tan lap, thanh pho nha trang, khanh hoa",0.9,0.04,0,0.012345679012345678,0.0,2,0,1
1,"60 tan dinh, phuong ninh hiep, thi xa ninh hoa, khanh hoa",0.8913043478260869,0.043478260869565216,0,0.012345679012345678,0.0,2,0,1
1,"so 04 pasteur, phuong xuong huan, thanh pho nha trang, khanh hoa",0.9056603773584906,0.03773584905660377,0,0.024691358024691357,0.0,3,1,0
1,"so 88 duong le duan, phuong tran phu, thanh pho ha tinh, ha tinh",0.9019607843137255,0.0392156862745098,0,0.037037037037037035,0.0,3,1,0
1,"thon dieu phong, xa hoa nhon, huyen hoa vang, da nang",0.9302325581395349,0.0,0,0.024691358024691357,0.0,0,1,0
1,"to dan pho 13, thi tran nam giang, huyen nam truc, nam dinh",0.8936170212765957,0.0425531914893617,0,0.037037037037037035,0.0,3,1,0
1,"thon ha ky, xa nghia thinh, huyen nghia hung, nam dinh",0.9318181818181818,0.0,0,0.024691358024691357,0.0,0,1,0
1,"xom 5 phu oc, xa loc hoa, thanh pho nam dinh, nam dinh",0.9047619047619048,0.023809523809523808,0,0.012345679012345678,0.0,2,1,0
1,"so 63/37 vi xuyen, phuong vi xuyen, thanh pho nam dinh, nam dinh",0.8461538461538461,0.07692307692307693,0,0.024691358024691357,0.0,3,1,0
1,"xom 27 thon tien thang, xa yen dong, huyen y yen, nam dinh",0.8913043478260869,0.043478260869565216,0,0.024691358024691357,0.0,3,1,0
1,"nga tu duong den, xa dong son, huyen nam truc, nam dinh",0.9318181818181818,0.0,0,0.024691358024691357,0.0,0,1,0
1,"thon 1 (tai nha ong nguyen van tien), xa tan duong, huyen thuy nguyen, hai phong",0.9076923076923077,0.015384615384615385,0,0.037037037037037035,0.0,2,1,0
1,"phong 407, tang 4, so 441 da nang, phuong dong hai 1, quan hai an, hai phong",0.7833333333333333,0.13333333333333333,0,0.037037037037037035,0.0,4,1,0
1,"so 1c minh khai, phuong minh khai, quan hong bang, hai phong",0.9183673469387755,0.02040816326530612,0,0.024691358024691357,0.0,2,1,0
1,"so 150 lac xuan dai, ngo 81 da nang, phuong gia vien, quan ngo quyen, hai phong",0.8571428571428571,0.07936507936507936,0,0.024691358024691357,0.0,4,1,0
1,"so 31/145 cho hang, phuong du hang kenh, quan le chan, hai phong",0.8269230769230769,0.09615384615384616,0,0.024691358024691357,0.0,3,1,0
1,"so 5/75 trung hanh 6, phuong dang lam, quan hai an, hai phong",0.8367346938775511,0.08163265306122448,0,0.024691358024691357,0.0,2,1,0
1,"so 24 pho cho don, phuong nghia xa, quan le chan, hai phong",0.8936170212765957,0.0425531914893617,0,0.024691358024691357,0.0,3,1,0
1,"so 14/29 nguyen chuyen my, thi tran an lao, huyen an lao, hai phong",0.8518518518518519,0.07407407407407407,0,0.037037037037037035,0.0,3,1,0
1,"so 02 duong ly thai to, phuong nguyen van cu, thanh pho quy nhon, binh dinh",0.9166666666666666,0.03333333333333333,0,0.04938271604938271,0.0,3,1,0
1,"thon binh an, xa phuoc thanh, huyen tuy phuoc, binh dinh",0.9347826086956522,0.0,0,0.024691358024691357,0.0,0,1,0
1,"lo b2-35 khu cong nghiep tan dong hiep b, tx di an, binh duong",0.8775510204081632,0.061224489795918366,0,0.04938271604938271,0.0,2,1,0
1,"so 265, duong di an - binh duong, khu pho nhi dong 2, phuong di an, tx di an, binh duong",0.8529411764705882,0.058823529411764705,0,0.04938271604938271,0.0,4,1,0
1,"thua dat so 691, to ban do so 31, khu pho tan binh, thi xa tan uyen, binh duong",0.8524590163934426,0.08196721311475409,0,0.07407407407407407,0.0,4,1,0
1,"thua dat so 146, to ban do so 38, ap tan loi, xa dat cuoc, huyen bac tan uyen, binh duong",0.855072463768116,0.07246376811594203,0,0.07407407407407407,0.0,4,1,0
1,"so 684/39/107/39/15, to 9, khu 9, phuong phu hoa, thanh pho thu dau mot, binh duong",0.6617647058823529,0.20588235294117646,0,0.06172839506172839,0.0,4,1,0
1,"so 35b duong nguyen hue, phuong hai cang, thanh pho quy nhon, binh dinh",0.9137931034482759,0.034482758620689655,0,0.037037037037037035,0.0,3,1,0
1,"to 3, ap 94, quoc lo 20, km 92, xa tuc trung, huyen dinh quan, dong nai",0.7636363636363637,0.12727272727272726,0,0.06172839506172839,0.0,3,1,0
1,"so 11/6, to 9, kp 3, phuong trang dai, thanh pho bien hoa, dong nai",0.7924528301886793,0.09433962264150944,0,0.04938271604938271,0.0,3,1,0
1,"so 391, to 21, kp 3, phuong long binh tan, thanh pho bien hoa, dong nai",0.8035714285714286,0.10714285714285714,0,0.04938271604938271,0.0,4,1,0
1,"so 68d, duong nguyen huu canh, phuong dong hoa, tx di an, binh duong",0.8909090909090909,0.03636363636363636,0,0.037037037037037035,0.0,3,1,0
1,"so 17, duong so 4, khu tai dinh cu tan an 1, to 29, khu 6, phuong tan an, thanh pho thu dau mot, binh duong",0.8292682926829268,0.08536585365853659,0,0.04938271604938271,0.0,3,1,0
1,"so 11/19, khu pho binh phuoc b, phuong binh chuan, tx thuan an, binh duong",0.85,0.06666666666666667,0,0.04938271604938271,0.0,3,1,0
1,"so 386/1k, khu pho tan an, tx di an, binh duong",0.7837837837837838,0.10810810810810811,0,0.04938271604938271,0.0,4,1,0
1,"9 ngu binh, phuong an cuu, thanh pho hue, thua thien - hue",0.8913043478260869,0.021739130434782608,0,0.024691358024691357,0.0,1,0,1
1,"3o3/8 khu pho phuoc trung, thi tran phuoc hai, huyen dat do, ba ria - vung tau",0.8709677419354839,0.04838709677419355,0,0.037037037037037035,0.0,1,0,1
1,"40/3 a phan dang luu, phuong 3, thanh pho vung tau, ba ria - vung tau",0.8333333333333334,0.07407407407407407,0,0.012345679012345678,0.0,2,0,1
1,"so 153 chi lang, phuong 12, thanh pho vung tau, ba ria - vung tau",0.8235294117647058,0.09803921568627451,0,0.024691358024691357,0.0,4,1,0
1,"31 dien bien phu, phuong phuoc hung, thanh pho ba ria, ba ria - vung tau",0.8947368421052632,0.03508771929824561,0,0.012345679012345678,0.0,2,0,1
1,"so 60a, to 1, ap an lam, xa long an, huyen long thanh, dong nai",0.8367346938775511,0.061224489795918366,0,0.04938271604938271,0.0,3,1,0
1,"to 7, khu binh hai, xa trung vuong, thanh pho viet tri, phu tho",0.9,0.02,0,0.037037037037037035,0.0,2,1,0
1,"tang 1, so nha 196, le loi, phuong truong son, thi xa sam son, thanh hoa",0.8421052631578947,0.07017543859649122,0,0.037037037037037035,0.0,4,1,0
1,"so 11, duong pham dinh ban, thi tran huong khe, huyen huong khe, ha tinh",0.896551724137931,0.034482758620689655,0,0.04938271604938271,0.0,3,1,0
1,"so 77 nguyen dong chi, phuong nam hong, thi xa hong linh, ha tinh",0.9038461538461539,0.038461538461538464,0,0.024691358024691357,0.0,3,1,0
1,"5 kiet 406 chi lang, phuong phu hau, thanh pho hue, thua thien - hue",0.8518518518518519,0.07407407407407407,0,0.024691358024691357,0.0,4,0,1
1,"khu 12, thi tran thanh ba, huyen thanh ba, phu tho",0.875,0.05,0,0.037037037037037035,0.0,3,1,0
1,"so 73, khu pho trang liet, phuong trang ha, thi xa tu son, bac ninh",0.8867924528301887,0.03773584905660377,0,0.037037037037037035,0.0,3,1,0
1,"(nr: duong thi thuy duong), lo 164 khu dcdv kha le 2, phuong vo cuong, thanh pho bac ninh, bac ninh",0.8607594936708861,0.05063291139240506,0,0.04938271604938271,0.0,4,0,0
1,"xom dau, xa dinh trung, thanh pho vinh yen, vinh phuc",0.9302325581395349,0.0,0,0.012345679012345678,0.0,0,1,0
1,"to dan pho dong sau, thi tran huong canh, huyen binh xuyen, vinh phuc",0.9464285714285714,0.0,0,0.037037037037037035,0.0,0,1,0
1,"doi 3, thon dam noi, xa tien chau, thi xa phuc yen, vinh phuc",0.8958333333333334,0.020833333333333332,0,0.024691358024691357,0.0,2,1,0
1,"so 369, duong nguyen tat thanh, phuong lien bao, thanh pho vinh yen, vinh phuc",0.890625,0.046875,0,0.037037037037037035,0.0,4,1,0
1,"so nha 126b, thon trai cup, xa ba hien, huyen binh xuyen, vinh phuc",0.8703703703703703,0.05555555555555555,0,0.037037037037037035,0.0,4,1,0
1,"so nha 760, duong long hung, to 3, phuong hoang dieu, thanh pho thai binh, thai binh",0.8676470588235294,0.058823529411764705,0,0.04938271604938271,0.0,4,1,0
1,"so 33, duong hung vuong, khom 6, phuong 5, thanh pho ca mau, ca mau",0.8301886792452831,0.07547169811320754,0,0.04938271604938271,0.0,3,1,0
1,"ap tan bang, xa phong lac, huyen tran van thoi, ca mau",0.9302325581395349,0.0,0,0.024691358024691357,0.0,0,1,0
1,"phong 601, toa nha a2, duong au co, phuong kinh bac, thanh pho bac ninh, bac ninh",0.8615384615384616,0.06153846153846154,0,0.037037037037037035,0.0,4,1,0
1,"nr ong nguyen van minh, xom mieu, khu bo son, phuong vo cuong, thanh pho bac ninh, bac ninh",0.9315068493150684,0.0,0,0.024691358024691357,0.0,0,1,0
1,"19 duong k20, phuong khue my, quan ngu hanh son, da nang",0.8444444444444444,0.08888888888888889,0,0.024691358024691357,0.0,2,0,1
1,"lo 36 b2.1 kdc tan cuong thanh, phuong hoa khanh nam, quan lien chieu, da nang",0.873015873015873,0.06349206349206349,0,0.037037037037037035,0.0,3,1,0
1,"so 67 duong song hao, phuong tran quang khai, thanh pho nam dinh, nam dinh",0.9166666666666666,0.03333333333333333,0,0.037037037037037035,0.0,3,1,0
1,"khu 2, thi tran minh tan, huyen kinh mon, hai duong",0.9024390243902439,0.024390243902439025,0,0.04938271604938271,0.0,2,1,0
1,"khu 2, thi tran minh tan, huyen kinh mon, hai duong",0.9024390243902439,0.024390243902439025,0,0.04938271604938271,0.0,2,1,0
1,"so 221 tran nhan tong, phuong de tham, thanh pho thai binh, thai binh",0.8928571428571429,0.05357142857142857,0,0.024691358024691357,0.0,4,1,0
1,"96 da nam, phuong 2, quan 8, tp ho chi minh",0.7878787878787878,0.12121212121212122,0,0.024691358024691357,0.0,2,0,1
1,"1a, nhieu tu, phuong 07, quan phu nhuan, tp ho chi minh",0.8409090909090909,0.06818181818181818,0,0.024691358024691357,0.0,3,0,1
1,"404 huynh van banh, phuong 14, quan phu nhuan, tp ho chi minh",0.8367346938775511,0.10204081632653061,0,0.024691358024691357,0.0,3,0,1
1,"70 duong 52 - ap, khu pho 2, phuong an phu, quan 2, tp ho chi minh",0.78,0.12,0,0.06172839506172839,0.0,3,0,1
1,"92 thach thi thanh, phuong tan dinh, quan 1, tp ho chi minh",0.8723404255319149,0.06382978723404255,0,0.024691358024691357,0.0,2,0,1
1,"2009/43/9/5 pham the hien, phuong 08, quan 6, tp ho chi minh",0.6530612244897959,0.22448979591836735,0,0.024691358024691357,0.0,4,0,1
1,"867 - 869 hong bang, phuong 09, quan 6, tp ho chi minh",0.6904761904761905,0.21428571428571427,0,0.024691358024691357,0.0,4,0,1
1,"155/21 phu tho hoa, phuong phu tho hoa, quan tan phu, tp ho chi minh",0.8333333333333334,0.09259259259259259,0,0.024691358024691357,0.0,3,0,1
1,"99/7/2 duong ht35, khu pho 1, phuong hiep thanh, quan 12, tp ho chi minh",0.7413793103448276,0.15517241379310345,0,0.04938271604938271,0.0,3,0,1
1,"125/52a/2 duong so 13, phuong 4, quan 8, tp ho chi minh",0.6590909090909091,0.22727272727272727,0,0.037037037037037035,0.0,3,0,1
1,"175/69b/31 duong so 2, phuong tang nhon phu b, quan 9, tp ho chi minh",0.7454545454545455,0.16363636363636364,0,0.04938271604938271,0.0,3,0,1
1,"so 149 vu xuan thieu, phuong phuc loi, quan long bien, ha noi",0.8775510204081632,0.061224489795918366,0,0.024691358024691357,0.0,4,1,0
1,"so 44 tran huu tuoc, phuong nam dong, quan dong da, ha noi",0.8913043478260869,0.043478260869565216,0,0.024691358024691357,0.0,3,1,0
1,"so 239 xa dan, phuong nam dong, quan dong da, ha noi",0.8536585365853658,0.07317073170731707,0,0.024691358024691357,0.0,4,1,0
1,"so 320, to 16, phuong thinh quang, quan dong da, ha noi",0.7954545454545454,0.11363636363636363,0,0.037037037037037035,0.0,4,1,0
1,"so 2, ngo 255 luong the vinh, phuong trung van, quan nam tu liem, ha noi",0.8596491228070176,0.07017543859649122,0,0.024691358024691357,0.0,4,1,0
1,"so 3/28 pham tu nghi, phuong nghia xa, quan le chan, hai phong",0.86,0.06,0,0.024691358024691357,0.0,2,1,0
1,"so nha 5, ngo 12, phothai ha, phuong trung liet, quan dong da, ha noi",0.8545454545454545,0.05454545454545454,0,0.024691358024691357,0.0,3,1,0
1,"lo d2 khu tt cong ty cp dtxd va kd nha tu liem, xom 7, phuong dong ngac, quan bac tu liem, ha noi",0.918918918918919,0.02702702702702703,0,0.04938271604938271,0.0,2,1,0
1,"so 11, ngach 19, ngo 545, duong xuan dinh, phuong xuan dinh, quan bac tu liem, ha noi",0.8088235294117647,0.10294117647058823,0,0.04938271604938271,0.0,4,1,0
1,"thon phu thuong, xa quang phu cau, huyen ung hoa, ha noi",0.9333333333333333,0.0,0,0.024691358024691357,0.0,0,1,0
1,"thon mieu mon, xa tran phu, huyen chuong my, ha noi",0.926829268292683,0.0,0,0.024691358024691357,0.0,0,1,0
1,"thon 5, xa chang son, huyen thach that, ha noi",0.8918918918918919,0.02702702702702703,0,0.024691358024691357,0.0,2,1,0
1,"so 29, pho o cach, phuong duc giang, quan long bien, ha noi",0.8723404255319149,0.0425531914893617,0,0.024691358024691357,0.0,3,1,0
1,"lo d13, lien gia 45, to dan pho 6, phuong thanh nhat, tp.buon ma thuot, dac lac",0.8253968253968254,0.07936507936507936,0,0.037037037037037035,0.0,3,1,0
1,"to dan pho 7, phuong tan hoa, tp.buon ma thuot, dac lac",0.8863636363636364,0.022727272727272728,0,0.024691358024691357,0.0,2,1,0
1,"to 21, phuong song bang, thanh pho cao bang, cao bang",0.8837209302325582,0.046511627906976744,0,0.024691358024691357,0.0,3,1,0
1,"to 22, phuong song bang, thanh pho cao bang, cao bang",0.8837209302325582,0.046511627906976744,0,0.024691358024691357,0.0,3,1,0
1,"khu cong nghiep phia nam, xa van tien, thanh pho yen bai, yen bai",0.9423076923076923,0.0,0,0.024691358024691357,0.0,0,1,0
1,"thon quyet tien, xa thanh nong, huyen lac thuy, hoa binh",0.9347826086956522,0.0,0,0.024691358024691357,0.0,0,1,0
1,"thon bang xam, xa le loi, huyen hoanh bo, quang ninh",0.9285714285714286,0.0,0,0.024691358024691357,0.0,0,1,0
1,"so 464 hung vuong, phuong nhon phu, thanh pho quy nhon, binh dinh",0.8867924528301887,0.05660377358490566,0,0.024691358024691357,0.0,4,1,0
1,"so 52/14 duong han mac tu, phuong ghenh rang, thanh pho quy nhon, binh dinh",0.8688524590163934,0.06557377049180328,0,0.037037037037037035,0.0,3,1,0
1,"to 18, khu 6, phuong quang trung, thanh pho uong bi, quang ninh",0.8627450980392157,0.058823529411764705,0,0.037037037037037035,0.0,3,1,0
1,"so nha 101, to 8, khu 7, phuong thanh son, thanh pho uong bi, quang ninh",0.8245614035087719,0.08771929824561403,0,0.04938271604938271,0.0,4,1,0
1,"son hoa, xa vong dong, huyen thoai son, an giang",0.9230769230769231,0.0,0,0.012345679012345678,0.0,0,1,0
1,"phong s.20b,tang 31 saigon trade center, 37 ton duc thang, phuong ben nghe, quan 1, tp ho chi minh",0.8375,0.0875,0,0.037037037037037035,0.0,3,1,0
1,"195d ly chinh thang, phuong 07, quan 3, tp ho chi minh",0.7906976744186046,0.13953488372093023,0,0.024691358024691357,0.0,3,0,1
1,"tang tret, phong 02, b12 khu trung tam thuong mai tai chinh, phuong tan phu, quan 7, tp ho chi minh",0.8734177215189873,0.06329113924050633,0,0.04938271604938271,0.0,3,1,0
1,"3 nguyen tu nghiem, phuong binh trung tay, quan 2, tp ho chi minh",0.9038461538461539,0.038461538461538464,0,0.024691358024691357,0.0,2,0,1
1,"26/34 duong so 9, phuong long binh, quan 9, tp ho chi minh",0.782608695652174,0.13043478260869565,0,0.037037037037037035,0.0,2,0,1
1,"90/8 duong so 13, phuong binh hung hoa, quan binh tan, tp ho chi minh",0.8363636363636363,0.09090909090909091,0,0.037037037037037035,0.0,3,0,1
1,"72/6 tran quoc toan, phuong 08, quan 3, tp ho chi minh",0.7674418604651163,0.13953488372093023,0,0.024691358024691357,0.0,3,0,1
1,"24 lam van ben, phuong tan kieng, quan 7, tp ho chi minh",0.8636363636363636,0.06818181818181818,0,0.024691358024691357,0.0,2,0,1
1,"25 duong so 1, khu pho 4, phuong an phu, quan 2, tp ho chi minh",0.8125,0.10416666666666667,0,0.04938271604938271,0.0,2,0,1
1,"2 duong so 5, phuong hiep phu, quan 9, tp ho chi minh",0.8536585365853658,0.07317073170731707,0,0.037037037037037035,0.0,2,0,1
1,"2b duong 11, khu pho 4, phuong linh xuan, quan thu duc, tp ho chi minh",0.8545454545454545,0.07272727272727272,0,0.04938271604938271,0.0,3,0,1
1,"170 nguyen van huong, phuong thao dien, quan 2, tp ho chi minh",0.86,0.08,0,0.024691358024691357,0.0,3,0,1
1,"39 hung phu, phuong 8, quan 8, tp ho chi minh",0.8,0.11428571428571428,0,0.024691358024691357,0.0,2,0,1
1,"121/4a duong ht13, khu pho 3, phuong hiep thanh, quan 12, tp ho chi minh",0.7586206896551724,0.15517241379310345,0,0.04938271604938271,0.0,3,0,1
1,"30 nguyen u di, khu pho 1, phuong thao dien, quan 2, tp ho chi minh",0.8461538461538461,0.07692307692307693,0,0.037037037037037035,0.0,2,0,1
1,"419 huynh tan phat, phuong tan thuan dong, quan 7, tp ho chi minh",0.8653846153846154,0.07692307692307693,0,0.024691358024691357,0.0,3,0,1
1,"50f/1 ngo tat to, phuong 22, quan binh thanh, tp ho chi minh",0.8125,0.10416666666666667,0,0.037037037037037035,0.0,3,0,1
1,"tang 1, toa nha packsimex, so 52 dong du, phuong ben nghe, quan 1, tp ho chi minh",0.859375,0.0625,0,0.06172839506172839,0.0,3,1,0
1,"390a ngo gia tu, phuong 14, quan 10, tp ho chi minh",0.75,0.175,0,0.024691358024691357,0.0,3,0,1
1,"62 phan dinh phung, phuong tan thanh, quan tan phu, tp ho chi minh",0.9056603773584906,0.03773584905660377,0,0.024691358024691357,0.0,2,0,1
1,"tang 4, so 71 mai hac de, phuong bui thi xuan, quan hai ba trung, ha noi",0.875,0.05357142857142857,0,0.037037037037037035,0.0,3,1,0
1,"doi 3, thon ha xa, xa dai hung, huyen my duc, ha noi",0.875,0.025,0,0.024691358024691357,0.0,2,1,0
1,"so nha 22, thi tran quoc oai, huyen quoc oai, ha noi",0.8780487804878049,0.04878048780487805,0,0.037037037037037035,0.0,3,1,0
1,"thon bai do, xa tri thuy, huyen phu xuyen, ha noi",0.9230769230769231,0.0,0,0.024691358024691357,0.0,0,1,0
1,"so 44 ngach 61/52 pho khuong trung, phuong khuong trung, quan thanh xuan, ha noi",0.8484848484848485,0.09090909090909091,0,0.037037037037037035,0.0,3,1,0
1,"to 5, thon van noi, phuong phu luong, quan ha dong, ha noi",0.8913043478260869,0.021739130434782608,0,0.037037037037037035,0.0,2,1,0
1,"so 180 duong nguyen xien, phuong ha dinh, quan thanh xuan, ha noi",0.8867924528301887,0.05660377358490566,0,0.037037037037037035,0.0,4,1,0
1,"so 18 ngach 19/120, to 85, cum 10, phuong phuong liet, quan thanh xuan, ha noi",0.7301587301587301,0.1746031746031746,0,0.04938271604938271,0.0,3,1,0
1,"so 14 bt8 khu do thi xa la, phuong phuc la, quan ha dong, ha noi",0.8775510204081632,0.061224489795918366,0,0.04938271604938271,0.0,3,1,0
1,"lo 263-a1, xom mai, xa yen bai, huyen ba vi, ha noi",0.775,0.1,0,0.024691358024691357,0.0,4,1,0
1,"thon dai vy, xa lien ha, huyen dong anh, ha noi",0.918918918918919,0.0,0,0.024691358024691357,0.0,0,1,0
1,"so nha 16, day h, khu tap the k92, xa an khanh, huyen hoai duc, ha noi",0.8333333333333334,0.07407407407407407,0,0.037037037037037035,0.0,3,1,0
1,"xom 1, xa lai yen, huyen hoai duc, ha noi",0.875,0.03125,0,0.012345679012345678,0.0,2,1,0
1,"so 40 ngach 42/30 ngo 291 duong lac long quan, to 3, phuong nghia do, quan cau giay, ha noi",0.7916666666666666,0.1388888888888889,0,0.06172839506172839,0.0,4,1,0
1,"so 32c, ngo 282, pho dang tien dong, phuong trung liet, quan dong da, ha noi",0.8360655737704918,0.08196721311475409,0,0.024691358024691357,0.0,4,1,0
1,"thon son du, xa nguyen khe, huyen dong anh, ha noi",0.925,0.0,0,0.024691358024691357,0.0,0,1,0
1,"thon xa, xa son dong, huyen hoai duc, ha noi",0.9142857142857143,0.0,0,0.024691358024691357,0.0,0,1,0
1,"so 17, ngo 885, duong tam trinh, phuong yen so, quan hoang mai, ha noi",0.8214285714285714,0.08928571428571429,0,0.037037037037037035,0.0,4,1,0
1,"so 380 duong lang, phuong thinh quang, quan dong da, ha noi",0.875,0.0625,0,0.037037037037037035,0.0,4,1,0
1,"thon thai phu, xa mai dinh, huyen soc son, ha noi",0.9230769230769231,0.0,0,0.024691358024691357,0.0,0,1,0
1,"so 1 ngach 670/18 duong ha huy tap, thi tran yen vien, huyen gia lam, ha noi",0.8333333333333334,0.1,0,0.06172839506172839,0.0,4,1,0
1,"doi 5, xa cat que, huyen hoai duc, ha noi",0.875,0.03125,0,0.012345679012345678,0.0,2,1,0
1,"so nha 161a, ngo 2, duong thanh binh, to dan pho 8, phuong mo lao, quan ha dong, ha noi",0.8382352941176471,0.07352941176470588,0,0.04938271604938271,0.0,4,1,0
1,"lo 50 d1, to 9, phuong mo lao, quan ha dong, ha noi",0.7948717948717948,0.10256410256410256,0,0.037037037037037035,0.0,3,1,0
1,"so 148, t3, to dan pho oto so 8, xa vinh quynh, huyen thanh tri, ha noi",0.8181818181818182,0.09090909090909091,0,0.037037037037037035,0.0,4,1,0
1,"nha so 4, lien ke 15, khu do thi moi van khe, phuong la khe, quan ha dong, ha noi",0.8709677419354839,0.04838709677419355,0,0.037037037037037035,0.0,3,1,0
1,"to 10, phuong yen nghia, quan ha dong, ha noi",0.8611111111111112,0.05555555555555555,0,0.024691358024691357,0.0,3,1,0
1,"so 15, to 7, phuong mo che, thanh pho song cong, thai nguyen",0.8541666666666666,0.0625,0,0.037037037037037035,0.0,3,1,0
1,"thon quyet tien, xa thanh nong, huyen lac thuy, hoa binh",0.9347826086956522,0.0,0,0.024691358024691357,0.0,0,1,0
1,"192 phan dinh phung, phuong yen do, thanh pho pleiku, gia lai",0.88,0.06,0,0.012345679012345678,0.0,3,0,1
1,"sn 039, pho quyet tien, phuong tan phong, thanh pho lai chau, lai chau",0.8771929824561403,0.05263157894736842,0,0.012345679012345678,0.0,4,1,0
1,"thua dat so 114, to ban do so 34, khu pho khanh hoa, phuong tan phuoc khanh, thi xa tan uyen, binh duong",0.8780487804878049,0.06097560975609756,0,0.07407407407407407,0.0,4,1,0
1,"so 58/11/15 tran quy cap, phuong my hai, tp. phan rang-thap cham, ninh thuan",0.7936507936507936,0.09523809523809523,0,0.024691358024691357,0.0,3,1,0
1,"so j47, duong n11, kp 7, phuong thong nhat, thanh pho bien hoa, dong nai",0.8275862068965517,0.08620689655172414,0,0.04938271604938271,0.0,2,1,0
1,"so 344, to 9, ap long khanh 1, xa tam phuoc, thanh pho bien hoa, dong nai",0.8245614035087719,0.08771929824561403,0,0.04938271604938271,0.0,4,1,0
1,"so 25g, kp 6, phuong trung dung, thanh pho bien hoa, dong nai",0.8571428571428571,0.061224489795918366,0,0.037037037037037035,0.0,3,1,0
1,"so 12, ap duc long, xa tam phuoc, thanh pho bien hoa, dong nai",0.8775510204081632,0.04081632653061224,0,0.037037037037037035,0.0,3,1,0
1,"so 165/50a, ap 3, xa an hoa, thanh pho bien hoa, dong nai",0.7555555555555555,0.13333333333333333,0,0.037037037037037035,0.0,4,1,0
1,"thua dat so 808, to ban do so 19, khu pho an hoa, phuong hoa loi, thi xa ben cat, binh duong",0.8591549295774648,0.07042253521126761,0,0.07407407407407407,0.0,4,1,0
1,"lo l36, o 66, thua 4410, duong dl15, khu tai dinh cu my phuo, phuong thoi hoa, thi xa ben cat, binh duong",0.7951807228915663,0.12048192771084337,0,0.06172839506172839,0.0,5,1,0
1,"so 1372, duong dong khoi, kp 3, phuong trang dai, thanh pho bien hoa, dong nai",0.8412698412698413,0.07936507936507936,0,0.06172839506172839,0.0,5,1,0
1,"so 37, to 9, ap thai hoa, xa ho nai 3, huyen trang bom, dong nai",0.8163265306122449,0.08163265306122448,0,0.04938271604938271,0.0,3,1,0
1,"to 1, ap 1, xa tri an, huyen vinh cuu, dong nai",0.8333333333333334,0.05555555555555555,0,0.037037037037037035,0.0,2,1,0
1,"so 28/4, ap thanh hoa, xa ho nai 3, huyen trang bom, dong nai",0.8125,0.08333333333333333,0,0.037037037037037035,0.0,3,1,0
1,"so 234, duong nguyen ai quoc, kp 4, phuong tan tien, thanh pho bien hoa, dong nai",0.8615384615384616,0.06153846153846154,0,0.04938271604938271,0.0,4,1,0
1,"so 397, to 10, ap phan boi chau, xa bau ham 2, huyen thong nhat, dong nai",0.8070175438596491,0.10526315789473684,0,0.04938271604938271,0.0,4,1,0
1,"so 68, to 10a, kp 4, phuong trang dai, thanh pho bien hoa, dong nai",0.8113207547169812,0.09433962264150944,0,0.04938271604938271,0.0,3,1,0
1,"thon quyet tam, xa tan hop, huyen huong hoa, quang tri",0.9318181818181818,0.0,0,0.024691358024691357,0.0,0,1,0
1,"kiet 116 duong hai ba trung, phuong 3, thi xa quang tri, quang tri",0.8679245283018868,0.07547169811320754,0,0.024691358024691357,0.0,4,1,0
1,"so 153/3 huyen tran cong chua, phuong 8, thanh pho vung tau, ba ria - vung tau",0.8387096774193549,0.08064516129032258,0,0.037037037037037035,0.0,4,1,0
1,"ap song vinh, xa tan phuoc, huyen tan thanh, ba ria - vung tau",0.9183673469387755,0.0,0,0.024691358024691357,0.0,0,1,0
1,"ap nhan trung, xa xuyen moc, huyen xuyen moc, ba ria - vung tau",0.92,0.0,0,0.024691358024691357,0.0,0,1,0
1,"so 10/1/9, to 21, ap trau, xa phuoc thien, huyen nhon trach, dong nai",0.7678571428571429,0.10714285714285714,0,0.04938271604938271,0.0,3,1,0
1,"160 le hong phong, phuong 3, thanh pho soc trang, soc trang",0.8541666666666666,0.08333333333333333,0,0.012345679012345678,0.0,3,0,1
1,"(nr: ong nguyen van dau), thon hung phuc, xa tuong giang, thi xa tu son, bac ninh",0.8923076923076924,0.0,0,0.024691358024691357,0.0,0,0,0
1,"duong nguyen van cu (thue xi nghiep tap the cp hoai bac), phuong vo cuong, thanh pho bac ninh, bac ninh",0.9397590361445783,0.0,0,0.024691358024691357,0.0,0,1,0
1,"so 110 minh khai, phuong dong ngan, thi xa tu son, bac ninh",0.8723404255319149,0.06382978723404255,0,0.024691358024691357,0.0,4,1,0
1,"so 21 le phung hieu, phuong 5, thanh pho dong ha, quang tri",0.8723404255319149,0.06382978723404255,0,0.024691358024691357,0.0,3,1,0
1,"duong ly thai to, phuong chau son, thanh pho phu ly, ha nam",0.9361702127659575,0.0,0,0.037037037037037035,0.0,0,1,0
1,"so 24, p. luong khanh thien, thanh pho phu ly, ha nam",0.8571428571428571,0.047619047619047616,0,0.024691358024691357,0.0,3,1,0
1,"thi tu hung dao, xa hung dao, huyen tu ky, hai duong",0.926829268292683,0.0,0,0.024691358024691357,0.0,0,1,0
1,"so nha 200, khu do xa, phuong tu minh, thanh pho hai duong, hai duong",0.8727272727272727,0.05454545454545454,0,0.04938271604938271,0.0,4,1,0
1,"lo 101.25, khu do thi phia tay, phuong thanh binh, thanh pho hai duong, hai duong",0.8484848484848485,0.07575757575757576,0,0.04938271604938271,0.0,7,1,0
1,"so nha 9, ngo 1075, duong le thanh nghi, phuong hai tan, thanh pho hai duong, hai duong",0.8571428571428571,0.07142857142857142,0,0.037037037037037035,0.0,5,1,0
1,"122/4b, duong 3/2, phuong xuan khanh, quan ninh kieu, can tho",0.7647058823529411,0.11764705882352941,0,0.024691358024691357,0.0,3,0,1
1,"42 duong go o moi, phuong phu thuan, quan 7, tp ho chi minh",0.8695652173913043,0.06521739130434782,0,0.037037037037037035,0.0,2,0,1
1,"145/74 phan anh, khu pho 1, phuong binh tri dong a, quan binh tan, tp ho chi minh",0.828125,0.09375,0,0.037037037037037035,0.0,3,0,1
1,"93/6/11 xo viet nghe tinh, phuong 17, quan binh thanh, tp ho chi minh",0.7857142857142857,0.125,0,0.024691358024691357,0.0,3,0,1
1,"10 duong so 19a, phuong binh tri dong b, quan binh tan, tp ho chi minh",0.8727272727272727,0.07272727272727272,0,0.037037037037037035,0.0,3,0,1
1,"112 cao thang, phuong 04, quan 3, tp ho chi minh",0.7631578947368421,0.15789473684210525,0,0.024691358024691357,0.0,3,0,1
1,"duong le hoan, phuong hai ba trung, thanh pho phu ly, ha nam",0.9375,0.0,0,0.024691358024691357,0.0,0,1,0
1,"52b ngo quyen, phuong hiep phu, quan 9, tp ho chi minh",0.8604651162790697,0.06976744186046512,0,0.024691358024691357,0.0,2,0,1
1,"189/a8 chung cu bo cong an, duong cong quynh, phuong nguyen cu trinh, quan 1, tp ho chi minh",0.8648648648648649,0.06756756756756757,0,0.037037037037037035,0.0,3,0,1
1,"f1/19k, to 1, ap 6, xa vinh loc a, huyen binh chanh, tp ho chi minh",0.7884615384615384,0.09615384615384616,0,0.04938271604938271,0.0,2,1,0
1,"3/5 duong 458, ap thanh an, xa trung an, huyen cu chi, tp ho chi minh",0.8148148148148148,0.09259259259259259,0,0.04938271604938271,0.0,4,0,1
1,"47/45 nguyen huu tien, phuong tay thanh, quan tan phu, tp ho chi minh",0.8571428571428571,0.07142857142857142,0,0.024691358024691357,0.0,2,0,1
1,"30/10 duong so 8, phuong 11, quan go vap, tp ho chi minh",0.75,0.1590909090909091,0,0.037037037037037035,0.0,3,0,1
1,"242/21 duong tay thanh, phuong tay thanh, quan tan phu, tp ho chi minh",0.8421052631578947,0.08771929824561403,0,0.037037037037037035,0.0,3,0,1
1,"so 45, pho ngo quyen, phuong hang bai, quan hoan kiem, ha noi",0.8775510204081632,0.04081632653061224,0,0.024691358024691357,0.0,3,1,0
1,"so 278, duong bach dang, phuong chuong duong, quan hoan kiem, ha noi",0.875,0.05357142857142857,0,0.037037037037037035,0.0,4,1,0
1,"2279/13/24/3/32 huynh tan phat, kp7, thi tran nha be, huyen nha be, tp ho chi minh",0.7014925373134329,0.1791044776119403,0,0.04938271604938271,0.0,4,0,1
1,"65 dao duy anh, phuong 09, quan phu nhuan, tp ho chi minh",0.8444444444444444,0.08888888888888889,0,0.024691358024691357,0.0,3,0,1
1,"tang 6, toa nha viet a, so 9 pho duy tan, phuong dich vong hau, quan cau giay, ha noi",0.8939393939393939,0.030303030303030304,0,0.04938271604938271,0.0,2,1,0
1,"so nha 14, ngo 71 pho nguyen thi dinh, phuong trung hoa, quan cau giay, ha noi",0.8709677419354839,0.06451612903225806,0,0.024691358024691357,0.0,3,1,0
1,"tang 2, toa nha technosoft, khu cong nghiep, phuong dich vong hau, quan cau giay, ha noi",0.9166666666666666,0.013888888888888888,0,0.04938271604938271,0.0,2,1,0
1,"so 77, pho trung kinh, phuong trung hoa, quan cau giay, ha noi",0.88,0.04,0,0.024691358024691357,0.0,3,1,0
1,"so 13a ly thuong kiet, phuong phan chu trinh, quan hoan kiem, ha noi",0.9090909090909091,0.03636363636363636,0,0.024691358024691357,0.0,3,1,0
1,"so 38a dai lo le loi, phuong dien bien, thanh pho thanh hoa, thanh hoa",0.9107142857142857,0.03571428571428571,0,0.037037037037037035,0.0,3,1,0
1,"so 263, to 6, ap 3, xa phuong tra, huyen cao lanh, dong thap",0.7872340425531915,0.10638297872340426,0,0.04938271604938271,0.0,4,1,0
1,"to 27, khom 3, phuong 6, thanh pho cao lanh, dong thap",0.813953488372093,0.09302325581395349,0,0.037037037037037035,0.0,3,1,0
1,"so 425a, khom tan my, phuong tan quy dong, thanh pho sa dec, dong thap",0.875,0.05357142857142857,0,0.037037037037037035,0.0,4,1,0
1,"so 54, nguyen sinh sac, khom 2, thi tran tram chim, huyen tam nong, dong thap",0.8709677419354839,0.04838709677419355,0,0.04938271604938271,0.0,3,1,0
1,"so 2a/29, khu pho 3, phuong an phu, tx thuan an, binh duong",0.8085106382978723,0.0851063829787234,0,0.04938271604938271,0.0,2,1,0
1,"so nha 1, ngo 129 thon tuu liet, xa tam hiep, huyen thanh tri, ha noi",0.8518518518518519,0.07407407407407407,0,0.037037037037037035,0.0,4,1,0
1,"so 12, ngach 100/26 pho cho kham thien, phuong trung phung, quan dong da, ha noi",0.8153846153846154,0.1076923076923077,0,0.037037037037037035,0.0,4,1,0
1,"so 844 binh gia, phuong rach dua, thanh pho vung tau, ba ria - vung tau",0.875,0.05357142857142857,0,0.024691358024691357,0.0,4,1,0
1,"so 9/6 truong cong dinh, phuong 2, thanh pho soc trang, soc trang",0.8679245283018868,0.05660377358490566,0,0.024691358024691357,0.0,2,1,0
1,"so 374, ap thanh duc, xa long duc, huyen long phu, soc trang",0.8541666666666666,0.0625,0,0.037037037037037035,0.0,4,1,0
1,"47 to huu, phuong hoa cuong nam, quan hai chau, da nang",0.8863636363636364,0.045454545454545456,0,0.024691358024691357,0.0,2,0,1
1,"to 50, phuong thanh khe tay, quan thanh khe, da nang",0.8809523809523809,0.047619047619047616,0,0.024691358024691357,0.0,3,1,0
1,"lo 1404-1405 duong xo viet nghe tinh, phuong hoa cuong nam, quan hai chau, da nang",0.8208955223880597,0.11940298507462686,0,0.037037037037037035,0.0,5,1,0
1,"115 le dinh duong, phuong nam duong, quan hai chau, da nang",0.875,0.0625,0,0.024691358024691357,0.0,3,0,1
1,"127 thai thi boi, phuong chinh gian, quan thanh khe, da nang",0.8775510204081632,0.061224489795918366,0,0.012345679012345678,0.0,3,0,1
1,"k19/2c co giang, phuong phuoc ninh, quan hai chau, da nang",0.8541666666666666,0.0625,0,0.012345679012345678,0.0,2,1,0
1,"28 duong bich lien, phuong hoa minh, quan lien chieu, da nang",0.9,0.04,0,0.024691358024691357,0.0,2,0,1
1,"so 198, ap thuan tien, xa binh son, huyen hon dat, kien giang",0.8571428571428571,0.061224489795918366,0,0.037037037037037035,0.0,4,1,0
1,"so 65d, tinh lo 28, phuong phao dai, thi xa ha tien, kien giang",0.84,0.08,0,0.037037037037037035,0.0,3,1,0
1,"so 195 duong ho thi nghiem, khu pho 5, thi tran an thoi, huyen phu quoc, kien giang",0.8787878787878788,0.06060606060606061,0,0.06172839506172839,0.0,4,1,0
1,"so 284/19/2 duong nguyen trung truc, phuong vinh lac, thanh pho rach gia, kien giang",0.8428571428571429,0.08571428571428572,0,0.037037037037037035,0.0,4,1,0
1,"so 118/5 duong tran hung dao, khu pho 7, thi tran duong dong, huyen phu quoc, kien giang",0.8591549295774648,0.07042253521126761,0,0.06172839506172839,0.0,4,1,0
1,"so 509/9c duong truong han sieu, phuong vinh lac, thanh pho rach gia, kien giang",0.8787878787878788,0.06060606060606061,0,0.037037037037037035,0.0,4,1,0
1,"so 1192 duong mac cuu, phuong vinh quang, thanh pho rach gia, kien giang",0.8813559322033898,0.06779661016949153,0,0.037037037037037035,0.0,5,1,0
1,"so 328 duong nguyen van cu, khu pho 8, thi tran an thoi, huyen phu quoc, kien giang",0.8787878787878788,0.06060606060606061,0,0.06172839506172839,0.0,4,1,0
1,"to 4, ap cay thong ngoai, xa cua duong, huyen phu quoc, kien giang",0.9056603773584906,0.018867924528301886,0,0.04938271604938271,0.0,2,1,0
1,"to 12, phuong dong quang, thanh pho thai nguyen, thai nguyen",0.9,0.04,0,0.024691358024691357,0.0,3,1,0
1,"so 204, ap 2, xa an ngai trung, huyen ba tri, ben tre",0.8048780487804879,0.0975609756097561,0,0.037037037037037035,0.0,4,1,0
1,"so 15c, 18c, dai lo dong khoi, phuong phu khuong, thanh pho ben tre, ben tre",0.8524590163934426,0.06557377049180328,0,0.04938271604938271,0.0,3,1,0
1,"so 199f, ap binh thanh, xa binh phu, thanh pho ben tre, ben tre",0.86,0.06,0,0.037037037037037035,0.0,4,1,0
1,"so 258, to 11, ap tan duc a, xa tan binh, huyen mo cay bac, ben tre",0.803921568627451,0.09803921568627451,0,0.04938271604938271,0.0,4,1,0
1,"so 70 duong dinh tien hoang, phuong 2, thanh pho bao loc, lam dong",0.8867924528301887,0.05660377358490566,0,0.037037037037037035,0.0,3,1,0
1,"so 268/5 duong phan dinh phung, phuong 2, thanh pho da lat, lam dong",0.8363636363636363,0.09090909090909091,0,0.037037037037037035,0.0,4,1,0
1,"so 96 chu van an, phuong 1, thanh pho bao loc, lam dong",0.8604651162790697,0.06976744186046512,0,0.024691358024691357,0.0,3,1,0
1,"so 50a duong nguyen van cu, phuong loc son, thanh pho bao loc, lam dong",0.9122807017543859,0.03508771929824561,0,0.037037037037037035,0.0,3,1,0
1,"khach san sao xanh, duong 3/2, to 1, phuong quyet thang, tp. son la, son la",0.8333333333333334,0.05,0,0.037037037037037035,0.0,2,1,0
1,"lo so 13 cum cong nghiep noi hoang, xa noi hoang, huyen yen dung, bac giang",0.9166666666666666,0.03333333333333333,0,0.037037037037037035,0.0,3,1,0
1,"duong 296, thon trung dong, xa duc thang, huyen hiep hoa, bac giang",0.8727272727272727,0.05454545454545454,0,0.037037037037037035,0.0,4,1,0
1,"so 1507 duong hoang hoa tham km4, xa song mai, thanh pho bac giang, bac giang",0.8709677419354839,0.08064516129032258,0,0.037037037037037035,0.0,5,1,0
1,"86 thai phien, thi tran ha lam, huyen thang binh, quang nam",0.8958333333333334,0.041666666666666664,0,0.024691358024691357,0.0,2,0,1
1,"10 tran quoc toan, phuong cam chau, thanh pho hoi an, quang nam",0.9019607843137255,0.0392156862745098,0,0.012345679012345678,0.0,2,0,1
1,"thon dong lam, xa dai quang, huyen dai loc, quang nam",0.9302325581395349,0.0,0,0.024691358024691357,0.0,0,1,0
1,"25/14 duong 18/8, phuong cam pho, thanh pho hoi an, quang nam",0.76,0.14,0,0.024691358024691357,0.0,3,0,1
1,"k 265/12/14 tran cao van, phuong an son, thanh pho tam ky, quang nam",0.7818181818181819,0.12727272727272726,0,0.012345679012345678,0.0,4,1,0
1,"thon 2, xa que binh, huyen hiep duc, quang nam",0.8918918918918919,0.02702702702702703,0,0.024691358024691357,0.0,2,1,0
1,"ap sa binh, xa long duc, thanh pho tra vinh, tra vinh",0.9285714285714286,0.0,0,0.024691358024691357,0.0,0,1,0
1,"so 56a, huynh ngoc diep, phuong 5, thanh pho ca mau, ca mau",0.851063829787234,0.06382978723404255,0,0.024691358024691357,0.0,3,1,0
1,"44 le duan, phuong 6, tp tuy hoa, phu yen",0.8125,0.09375,0,0.012345679012345678,0.0,2,0,1
1,"khoi pho xuan my, phuong tan an, thanh pho hoi an, quang nam",0.9375,0.0,0,0.024691358024691357,0.0,0,1,0
1,"to 1, khoi 6, phuong an xuan, thanh pho tam ky, quang nam",0.8666666666666667,0.044444444444444446,0,0.037037037037037035,0.0,2,1,0
1,"vo van be, xa vinh buu, huyen tan hung, long an",0.918918918918919,0.0,0,0.012345679012345678,0.0,0,1,0
1,"xa tan dong, xa tan dong, huyen tran yen, yen bai",0.9230769230769231,0.0,0,0.012345679012345678,0.0,0,1,0
1,"xa hong ca, xa hong ca, huyen tran yen, yen bai",0.918918918918919,0.0,0,0.012345679012345678,0.0,0,1,0
1,"xa bao dap, xa bao dap, huyen tran yen, yen bai",0.918918918918919,0.0,0,0.012345679012345678,0.0,0,1,0
1,"xa luong thinh, xa luong thinh, huyen tran yen, yen bai",0.9333333333333333,0.0,0,0.012345679012345678,0.0,0,1,0
1,"xa hung khanh, xa hung khanh, huyen tran yen, yen bai",0.9302325581395349,0.0,0,0.012345679012345678,0.0,0,1,0
1,"xa minh tien, xa minh tien, huyen tran yen, yen bai",0.926829268292683,0.0,0,0.012345679012345678,0.0,0,1,0
1,"xa hoa cuong, xa hoa cuong, huyen tran yen, yen bai",0.926829268292683,0.0,0,0.012345679012345678,0.0,0,1,0
1,"xa hung thinh, xa hung thinh, huyen tran yen, yen bai",0.9302325581395349,0.0,0,0.012345679012345678,0.0,0,1,0
1,"xa minh quan, xa minh quan, huyen tran yen, yen bai",0.926829268292683,0.0,0,0.024691358024691357,0.0,0,1,0
1,"xa dao thinh, xa dao thinh, huyen tran yen, yen bai",0.926829268292683,0.0,0,0.012345679012345678,0.0,0,1,0
1,"tt co phuc, thi tran co phuc, huyen tran yen, yen bai",0.9285714285714286,0.0,0,0.037037037037037035,0.0,0,1,0
1,"xa viet thanh, xa viet thanh, huyen tran yen, yen bai",0.9302325581395349,0.0,0,0.012345679012345678,0.0,0,1,0
1,"xa y can, xa y can, huyen tran yen, yen bai",0.9090909090909091,0.0,0,0.012345679012345678,0.0,0,1,0
1,"xa kien thanh, xa kien thanh, huyen tran yen, yen bai",0.9302325581395349,0.0,0,0.012345679012345678,0.0,0,1,0
1,"xa quy mong, xa quy mong, huyen tran yen, yen bai",0.9230769230769231,0.0,0,0.012345679012345678,0.0,0,1,0
1,"xa cuong thinh, xa cuong thinh, huyen tran yen, yen bai",0.9333333333333333,0.0,0,0.012345679012345678,0.0,0,1,0
1,"xa nga quan, xa nga quan, huyen tran yen, yen bai",0.9230769230769231,0.0,0,0.024691358024691357,0.0,0,1,0
1,"xa minh quan, xa minh quan, huyen tran yen, yen bai",0.926829268292683,0.0,0,0.024691358024691357,0.0,0,1,0
1,"xa van hoi, xa van hoi, huyen tran yen, yen bai",0.918918918918919,0.0,0,0.012345679012345678,0.0,0,1,0
1,"xa viet cuong, xa viet cuong, huyen tran yen, yen bai",0.9302325581395349,0.0,0,0.012345679012345678,0.0,0,1,0
1,"xa viet hong, xa viet hong, huyen tran yen, yen bai",0.926829268292683,0.0,0,0.012345679012345678,0.0,0,1,0
1,"xa bao hung, xa bao hung, huyen tran yen, yen bai",0.9230769230769231,0.0,0,0.012345679012345678,0.0,0,1,0
1,"to 1, phuong quang trung, tp ha giang, ha giang",0.8947368421052632,0.02631578947368421,0,0.024691358024691357,0.0,2,1,0
1,"thon 2 bong giang, xa duc giang, huyen vu quang, ha tinh",0.9111111111111111,0.022222222222222223,0,0.024691358024691357,0.0,2,1,0
1,"thon 7, xa duc bong, huyen vu quang, ha tinh",0.8857142857142857,0.02857142857142857,0,0.024691358024691357,0.0,2,1,0
1,"xa huong dien, xa huong dien, huyen vu quang, ha tinh",0.9302325581395349,0.0,0,0.012345679012345678,0.0,0,1,0
1,"thon dai tien, xa thach tri, huyen thach ha, ha tinh",0.9285714285714286,0.0,0,0.024691358024691357,0.0,0,1,0
1,"ap thanh trung, xa trung hung, xa trung hung, huyen co do, can tho",0.9245283018867925,0.0,0,0.024691358024691357,0.0,0,1,0
1,"ap dinh my, xa dinh mon, huyen thoi lai, can tho",0.9210526315789473,0.0,0,0.024691358024691357,0.0,0,1,0
1,"xom pieng ve, xa pieng ve, huyen mai chau, hoa binh",0.926829268292683,0.0,0,0.012345679012345678,0.0,0,1,0
1,"xom phay, xa bao la, huyen mai chau, hoa binh",0.9166666666666666,0.0,0,0.012345679012345678,0.0,0,1,0
1,"so 17, ngo 139 duong my dinh, phuong my dinh 1, quan nam tu liem, ha noi",0.8214285714285714,0.10714285714285714,0,0.037037037037037035,0.0,4,1,0
1,"so 6, ngo 3, ngach 3/1, phuong xuan phuong, quan nam tu liem, ha noi",0.8148148148148148,0.07407407407407407,0,0.037037037037037035,0.0,2,1,0
1,"so 5 ngach 376/56 duong buoi, phuong cong vi, quan ba dinh, ha noi",0.8113207547169812,0.11320754716981132,0,0.04938271604938271,0.0,4,1,0
1,"so 12, hem 15/18, ngo goc de, pho minh khai, phuong hoang van thu, quan hoang mai, ha noi",0.8169014084507042,0.08450704225352113,0,0.037037037037037035,0.0,3,1,0
1,"so 9, ngo 1, pho ke tanh, phuong giang bien, quan long bien, ha noi",0.8679245283018868,0.03773584905660377,0,0.024691358024691357,0.0,2,1,0
1,"so 10, ngach 1, ngo 335 thuy khue, phuong buoi, quan tay ho, ha noi",0.7924528301886793,0.11320754716981132,0,0.037037037037037035,0.0,4,1,0
1,"so 10, ngo 357, duong tam trinh, phuong hoang van thu, quan hoang mai, ha noi",0.8387096774193549,0.08064516129032258,0,0.037037037037037035,0.0,4,1,0
1,"so 60, ngach 70, ngo 349 duong minh khai, phuong minh khai, quan hai ba trung, ha noi",0.8235294117647058,0.10294117647058823,0,0.04938271604938271,0.0,4,1,0
1,"so nha 60, ngo 10, pho 8-3, phuong quynh mai, quan hai ba trung, ha noi",0.7857142857142857,0.10714285714285714,0,0.024691358024691357,0.0,3,1,0
1,"so nha 212 duong truong chinh, phuong khuong thuong, quan dong da, ha noi",0.9,0.05,0,0.037037037037037035,0.0,4,1,0
1,"so 174 pho quan thanh, phuong quan thanh, quan ba dinh, ha noi",0.88,0.06,0,0.024691358024691357,0.0,4,1,0
1,"so 62, ngo 139, duong tam trinh, phuong mai dong, quan hoang mai, ha noi",0.8275862068965517,0.08620689655172414,0,0.037037037037037035,0.0,4,1,0
1,"so 2, hem 1, ngach 120, ngo 107 (107/120/1), duong linh nam, phuong vinh hung, quan hoang mai, ha noi",0.6829268292682927,0.18292682926829268,0,0.06172839506172839,0.0,4,1,0
1,"so 131, ngo 521, duong truong dinh, phuong thinh liet, quan hoang mai, ha noi",0.8253968253968254,0.09523809523809523,0,0.037037037037037035,0.0,4,1,0
1,"so 28a, ngo 2, pho hoang liet, phuong hoang liet, quan hoang mai, ha noi",0.8620689655172413,0.05172413793103448,0,0.024691358024691357,0.0,3,1,0
1,"so nha 804 - h18, ngo 147, pho tan mai, phuong tan mai, quan hoang mai, ha noi",0.7704918032786885,0.13114754098360656,0,0.024691358024691357,0.0,4,1,0
1,"so 7, ngo 54, pho dinh cong thuong, phuong dinh cong, quan hoang mai, ha noi",0.8688524590163934,0.04918032786885246,0,0.024691358024691357,0.0,3,1,0
1,"so nha 50, to 4 tinh quang, phuong giang bien, quan long bien, ha noi",0.8727272727272727,0.05454545454545454,0,0.037037037037037035,0.0,3,1,0
1,"so 9, ngo quan tho 3, duong ton duc thang, phuong hang bot, quan dong da, ha noi",0.8888888888888888,0.031746031746031744,0,0.037037037037037035,0.0,2,1,0
1,"so 2, pho do ngoc du, phuong dong nhan, quan hai ba trung, ha noi",0.9019607843137255,0.0196078431372549,0,0.024691358024691357,0.0,2,1,0
1,"so 11, ngo 58 ta quang buu, phuong bach mai, quan hai ba trung, ha noi",0.8545454545454545,0.07272727272727272,0,0.024691358024691357,0.0,3,1,0
1,"so 325, pho vong, phuong dong tam, quan hai ba trung, ha noi",0.8541666666666666,0.0625,0,0.024691358024691357,0.0,4,1,0
1,"so nha 53, ngo 52 gia quat, phuong thuong thanh, quan long bien, ha noi",0.8596491228070176,0.07017543859649122,0,0.024691358024691357,0.0,3,1,0
1,"so 89 au co, phuong tu lien, quan tay ho, ha noi",0.8648648648648649,0.05405405405405406,0,0.024691358024691357,0.0,3,1,0
1,"lo d7-4 khu cong nghiep ha noi - dai tu, 386 duong nguyen va, phuong sai dong, quan long bien, ha noi",0.8625,0.0625,0,0.04938271604938271,0.0,4,1,0
1,"so 194 duong 8-3,, phuong thanh nhan, quan hai ba trung, ha noi",0.803921568627451,0.09803921568627451,0,0.037037037037037035,0.0,4,1,0
1,"b1 lo 18, khu do thi moi dinh cong, phuong dinh cong, quan hoang mai, ha noi",0.8833333333333333,0.05,0,0.037037037037037035,0.0,3,1,0
1,"tang 12a, toa nha vtc online, so 18 duong tam trinh, phuong minh khai, quan hai ba trung, ha noi",0.8831168831168831,0.05194805194805195,0,0.06172839506172839,0.0,3,1,0
1,"so 28/46 pho truong lam, phuong duc giang, quan long bien, ha noi",0.8490566037735849,0.07547169811320754,0,0.024691358024691357,0.0,3,1,0
1,"808 phan dinh phung, phuong quang trung, thanh pho kon tum, kon tum",0.8909090909090909,0.05454545454545454,0,0.012345679012345678,0.0,3,0,1
1,"thon 3, xa hoa phong, huyen krong bong, dac lac",0.8947368421052632,0.02631578947368421,0,0.024691358024691357,0.0,2,1,0
1,"thon 6, thi tran plei can, huyen ngoc hoi, kon tum",0.9,0.025,0,0.037037037037037035,0.0,2,1,0
1,"to 1, phuong nghia thanh, thi xa gia nghia, dak nong",0.9047619047619048,0.023809523809523808,0,0.024691358024691357,0.0,2,1,0
1,"ql 14, to 4, phuong nghia tan, thi xa gia nghia, dak nong",0.8444444444444444,0.06666666666666667,0,0.037037037037037035,0.0,3,1,0
1,"thon lien hong 2, xa khoan du, huyen lac thuy, hoa binh",0.9090909090909091,0.022727272727272728,0,0.024691358024691357,0.0,2,1,0
1,"khu 2, thi tran chi ne, huyen lac thuy, hoa binh",0.8947368421052632,0.02631578947368421,0,0.037037037037037035,0.0,2,1,0
1,"so 83, duong vo thi sau, to 25, phuong cham mat, thanh pho hoa binh, hoa binh",0.8524590163934426,0.06557377049180328,0,0.04938271604938271,0.0,3,1,0
1,"phong 103 ct 26-27 khu tap the chuyen gia, phuong huu nghi, thanh pho hoa binh, hoa binh",0.8450704225352113,0.09859154929577464,0,0.024691358024691357,0.0,4,1,0
1,"so 25, duong vo thi sau, to 25, phuong cham mat, thanh pho hoa binh, hoa binh",0.8524590163934426,0.06557377049180328,0,0.04938271604938271,0.0,3,1,0
1,"86b lo 19 tran phu, phuong loc tho, thanh pho nha trang, khanh hoa",0.8679245283018868,0.07547169811320754,0,0.024691358024691357,0.0,3,0,1
1,"to dan pho thuan loc, phuong cam thuan, thanh pho cam ranh, khanh hoa",0.9464285714285714,0.0,0,0.024691358024691357,0.0,0,1,0
1,"khu pho 1, thi tran hoa vinh, huyen dong hoa, phu yen",0.9047619047619048,0.023809523809523808,0,0.037037037037037035,0.0,2,1,0
1,"b50 hai ba trung, phuong 5, tp tuy hoa, phu yen",0.8378378378378378,0.08108108108108109,0,0.012345679012345678,0.0,2,1,0
1,"so 286, duong tran dang ninh, khoi 11, phuong hoang van thu, thanh pho lang son, lang son",0.8611111111111112,0.06944444444444445,0,0.04938271604938271,0.0,4,1,0
1,"tang 3, so nha 062, duong hoang hoa tham, phuong coc leu, thanh pho lao cai, lao cai",0.8656716417910447,0.05970149253731343,0,0.04938271604938271,0.0,4,1,0
1,"khu dong tam, thi tran thanh ha, huyen lac thuy, hoa binh",0.9347826086956522,0.0,0,0.037037037037037035,0.0,0,1,0
1,"so 124 duong lac long quan, khu pho 3, phuong 4, thanh pho tay ninh, tay ninh",0.8524590163934426,0.08196721311475409,0,0.06172839506172839,0.0,4,1,0
1,"so 45, duong dien bien phu, phuong ninh son, thanh pho tay ninh, tay ninh",0.8983050847457628,0.03389830508474576,0,0.037037037037037035,0.0,3,1,0
1,"to 4, ap tan kien, xa tan ha, huyen tan chau, tay ninh",0.8809523809523809,0.023809523809523808,0,0.037037037037037035,0.0,2,1,0
1,"so 010, duong tran hung dao, khu pho 2, phuong 2, thanh pho tay ninh, tay ninh",0.8387096774193549,0.08064516129032258,0,0.04938271604938271,0.0,4,1,0
1,"so 1506, ap an binh, xa an tinh, huyen trang bang, tay ninh",0.8297872340425532,0.0851063829787234,0,0.037037037037037035,0.0,5,1,0
1,"thon tang long 1, xa tam quan nam, huyen hoai nhon, binh dinh",0.9183673469387755,0.02040816326530612,0,0.04938271604938271,0.0,2,1,0
1,"thua dat so 1726, to ban do so 273, khu dan cu viet sing, kh, phuong an phu, tx thuan an, binh duong",0.8333333333333334,0.08974358974358974,0,0.07407407407407407,0.0,5,1,0
1,"so 378/3a, khu pho thanh binh, phuong an thanh, tx thuan an, binh duong",0.8448275862068966,0.06896551724137931,0,0.04938271604938271,0.0,4,1,0
1,"thua dat so 271, to ban do so 46, ap cay chanh, xa tan dinh, huyen bac tan uyen, binh duong",0.8591549295774648,0.07042253521126761,0,0.07407407407407407,0.0,4,1,0
1,"lo b4-49, duong so 1, khu nha o thuong mai duong sat di an,, phuong di an, tx di an, binh duong",0.8513513513513513,0.05405405405405406,0,0.04938271604938271,0.0,2,1,0
1,"so 24a/45, khu pho binh duong 1, phuong an binh, tx di an, binh duong",0.8181818181818182,0.09090909090909091,0,0.04938271604938271,0.0,3,1,0
1,"lo b8, kcn minh hung - han quoc, ap 3a, xa minh hung, huyen chon thanh, binh phuoc",0.8769230769230769,0.03076923076923077,0,0.04938271604938271,0.0,2,1,0
1,"thon 3, xa thong nhat, huyen bu dang, binh phuoc",0.8974358974358975,0.02564102564102564,0,0.024691358024691357,0.0,2,1,0
1,"so 3a, duong pham ngu lao, to 36, khu 6, phuong phu cuong, thanh pho thu dau mot, binh duong",0.863013698630137,0.0547945205479452,0,0.06172839506172839,0.0,3,1,0
1,"so 45/17a, khu pho dong chieu, tx di an, binh duong",0.8048780487804879,0.0975609756097561,0,0.04938271604938271,0.0,3,1,0
1,"so 368, 369, ap an son, xa an dien, thi xa ben cat, binh duong",0.7708333333333334,0.125,0,0.04938271604938271,0.0,4,1,0
1,"so 45/2, khu pho hoa long, phuong vinh phu, tx thuan an, binh duong",0.8518518518518519,0.05555555555555555,0,0.04938271604938271,0.0,3,1,0
1,"so 4/4b, duong to 4,5,6, khu pho thong nhat 1, phuong di an, tx di an, binh duong",0.78125,0.09375,0,0.06172839506172839,0.0,2,1,0
1,"thua dat so 1488, to ban do so 8tdh.2, khu pho dong an, tx di an, binh duong",0.8135593220338984,0.1016949152542373,0,0.07407407407407407,0.0,5,1,0
1,"ki ot so 3, t5/5 khu pho binh thuan 2, phuong thuan giao, tx thuan an, binh duong",0.859375,0.0625,0,0.04938271604938271,0.0,2,1,0
1,"thua dat so 691, to ban do so 49, khu pho 8, phuong uyen hung, thi xa tan uyen, binh duong",0.8428571428571429,0.08571428571428572,0,0.07407407407407407,0.0,4,1,0
1,"so 38/27, khu pho binh quoi a, phuong binh chuan, tx thuan an, binh duong",0.847457627118644,0.06779661016949153,0,0.04938271604938271,0.0,3,1,0
1,"so e1202, duong ht2a, chung cu tdc plaza, phuong hoa phu, thanh pho thu dau mot, binh duong",0.8648648648648649,0.06756756756756757,0,0.037037037037037035,0.0,4,1,0
1,"thua dat 15, to ban do 35, khu pho khanh hoi, phuong tan phuoc khanh, thi xa tan uyen, binh duong",0.8831168831168831,0.05194805194805195,0,0.06172839506172839,0.0,3,1,0
1,"thua dat so 690, to ban do so 40, khu pho phu hoa, phuong hoa loi, thi xa ben cat, binh duong",0.8611111111111112,0.06944444444444445,0,0.07407407407407407,0.0,4,1,0
1,"so b1-29, khu nha o thuong mai duong sat di an, phuong di an, tx di an, binh duong",0.875,0.046875,0,0.04938271604938271,0.0,2,1,0
1,"thua dat so 299, to ban do so 11, khu pho ba tri, thi xa tan uyen, binh duong",0.847457627118644,0.0847457627118644,0,0.07407407407407407,0.0,4,1,0
1,"so 293, duong huynh van luy, phuong phu loi, thanh pho thu dau mot, binh duong",0.8888888888888888,0.047619047619047616,0,0.037037037037037035,0.0,4,1,0
1,"72 le lai, phuong 3, thanh pho vung tau, ba ria - vung tau",0.8444444444444444,0.06666666666666667,0,0.012345679012345678,0.0,2,0,1
1,"to 15 khu pho tan phu, thi tran phu my, huyen tan thanh, ba ria - vung tau",0.8947368421052632,0.03508771929824561,0,0.04938271604938271,0.0,3,1,0
1,"lo 1c9 & lo 1c10, duong cn8 & cn11, khu cong nghiep tan binh, xa tan binh, huyen bac tan uyen, binh duong",0.8192771084337349,0.0963855421686747,0,0.04938271604938271,0.0,2,1,0
1,"so 19/6, to 6, khu pho binh hoa 2, phuong tan phuoc khanh, thi xa tan uyen, binh duong",0.8382352941176471,0.07352941176470588,0,0.06172839506172839,0.0,3,1,0
1,"so 324, duong dt 743a, phuong binh thang, tx di an, binh duong",0.8,0.12,0,0.037037037037037035,0.0,4,1,0
1,"so 15/97/37, duong pham ngoc thach, khu pho 5, phuong hiep thanh, thanh pho thu dau mot, binh duong",0.8271604938271605,0.08641975308641975,0,0.04938271604938271,0.0,3,1,0
1,"292/6 khu pho phuoc loc, thi tran phuoc buu, huyen xuyen moc, ba ria - vung tau",0.8571428571428571,0.06349206349206349,0,0.037037037037037035,0.0,3,0,1
1,"so 79 pham hong thai, phuong 7, thanh pho vung tau, ba ria - vung tau",0.8703703703703703,0.05555555555555555,0,0.024691358024691357,0.0,3,1,0
1,"b55 ton that tung, phuong 7, thanh pho vung tau, ba ria - vung tau",0.8653846153846154,0.057692307692307696,0,0.012345679012345678,0.0,2,1,0
1,"ap 2 dong, xa bau lam, huyen xuyen moc, ba ria - vung tau",0.8863636363636364,0.022727272727272728,0,0.024691358024691357,0.0,2,1,0
1,"thon 1, xa song luy, huyen bac binh, binh thuan",0.8947368421052632,0.02631578947368421,0,0.024691358024691357,0.0,2,1,0
1,"to 2, thon 3, xa da kai, huyen duc linh, binh thuan",0.85,0.05,0,0.037037037037037035,0.0,2,1,0
1,"khoi 8, phuong long son, thi xa thai hoa, nghe an",0.8974358974358975,0.02564102564102564,0,0.024691358024691357,0.0,2,1,0
1,"xom yen truong, xa yen son, huyen do luong, nghe an",0.926829268292683,0.0,0,0.012345679012345678,0.0,0,1,0
1,"so 78c, duong nguyen thi minh khai, phuong hung binh, thanh pho vinh, nghe an",0.9047619047619048,0.031746031746031744,0,0.037037037037037035,0.0,3,1,0
1,"trang trai kieu gia trang, xom nam xuan son, xa ky son, huyen ky anh, ha tinh",0.9344262295081968,0.0,0,0.012345679012345678,0.0,0,1,0
1,"(tai nha ong le van thuong), thon hop thang, xa huong minh, huyen vu quang, ha tinh",0.9104477611940298,0.0,0,0.024691358024691357,0.0,0,0,0
1,"to 7, khu pho luong tay, thi tran luong son, huyen bac binh, binh thuan",0.9122807017543859,0.017543859649122806,0,0.04938271604938271,0.0,2,1,0
1,"so f6-01b ocean vista, km9 nguyen thong, phuong phu hai, thanh pho phan thiet, binh thuan",0.8783783783783784,0.05405405405405406,0,0.024691358024691357,0.0,2,1,0
1,"so 98, pho trung son, thi tran hoang hoa, huyen hoang hoa, thanh hoa",0.8909090909090909,0.03636363636363636,0,0.037037037037037035,0.0,3,1,0
1,"so nhah 35, tran nhan tong, pho 4, phuong quang hung, thanh pho thanh hoa, thanh hoa",0.8823529411764706,0.04411764705882353,0,0.024691358024691357,0.0,3,1,0
1,"so 11b, tieu khu 3, thi tran ha trung, huyen ha trung, thanh hoa",0.8627450980392157,0.058823529411764705,0,0.04938271604938271,0.0,3,1,0
1,"so 162, duong tran hung dao, phuong quang tien, thi xa sam son, thanh hoa",0.8813559322033898,0.05084745762711865,0,0.037037037037037035,0.0,4,1,0
1,"so 18, duong dang thai mai xom 12, xa nghi kim, thanh pho vinh, nghe an",0.8571428571428571,0.07142857142857142,0,0.037037037037037035,0.0,3,1,0
1,"khoi 9, thi tran quan hanh, huyen nghi loc, nghe an",0.9024390243902439,0.024390243902439025,0,0.04938271604938271,0.0,2,1,0
1,"xom 15, xa nghi trung, huyen nghi loc, nghe an",0.8648648648648649,0.05405405405405406,0,0.012345679012345678,0.0,3,1,0
1,"so nha 55, duong pham van nghi, phuong dong thanh, thanh pho ninh binh, ninh binh",0.9090909090909091,0.030303030303030304,0,0.037037037037037035,0.0,3,1,0
1,"xom 1, xa kim chinh, huyen kim son, ninh binh",0.8888888888888888,0.027777777777777776,0,0.012345679012345678,0.0,2,1,0
1,"xom 7b, xa con thoi, huyen kim son, ninh binh",0.8888888888888888,0.027777777777777776,0,0.012345679012345678,0.0,2,1,0
1,"thon trung tam, xa lam son, huyen ngoc lac, thanh hoa",0.9302325581395349,0.0,0,0.024691358024691357,0.0,0,1,0
1,"so 22/66, duong thanh chuong, phuong quang thanh, thanh pho thanh hoa, thanh hoa",0.8656716417910447,0.05970149253731343,0,0.037037037037037035,0.0,3,1,0
1,"3/62, khu vuc 4, le hong phong, phuong tra an, quan binh thuy, can tho",0.8214285714285714,0.07142857142857142,0,0.024691358024691357,0.0,2,0,1
1,"e6, lo 19-20, duong so 47, kdc 586, phuong phu thu, quan cai rang, can tho",0.711864406779661,0.1694915254237288,0,0.04938271604938271,0.0,4,1,0
1,"86/39a, cach mang thang tam, phuong bui huu nghia, quan binh thuy, can tho",0.8524590163934426,0.06557377049180328,0,0.012345679012345678,0.0,2,0,1
1,"ap tan thuan, xa nhon nghia, huyen phong dien, can tho",0.9318181818181818,0.0,0,0.024691358024691357,0.0,0,1,0
1,"187, le hong phong, phuong tra an, quan binh thuy, can tho",0.851063829787234,0.06382978723404255,0,0.012345679012345678,0.0,3,0,1
1,"so 268, khom 4, thi tran song doc, huyen tran van thoi, ca mau",0.8367346938775511,0.08163265306122448,0,0.04938271604938271,0.0,4,1,0
1,"ap 3, xa quoc thai, huyen an phu, an giang",0.8787878787878788,0.030303030303030304,0,0.024691358024691357,0.0,2,1,0
1,"50/66c, tran hoang na, phuong hung loi, quan ninh kieu, can tho",0.8269230769230769,0.07692307692307693,0,0.012345679012345678,0.0,2,0,1
1,"102/26, duong 3/2, phuong hung loi, quan ninh kieu, can tho",0.7346938775510204,0.14285714285714285,0,0.024691358024691357,0.0,3,0,1
1,"272, nguyen van linh, phuong hung loi, quan ninh kieu, can tho",0.8627450980392157,0.058823529411764705,0,0.012345679012345678,0.0,3,0,1
1,"khu vuc thanh phu, phuong thuong thanh, quan cai rang, can tho",0.9411764705882353,0.0,0,0.024691358024691357,0.0,0,1,0
1,"112/14, duong 3/2, phuong hung loi, quan ninh kieu, can tho",0.7346938775510204,0.14285714285714285,0,0.024691358024691357,0.0,3,0,1
1,"22/kc, to 2, kv binh duong a, phuong long tuyen, quan binh thuy, can tho",0.8448275862068966,0.05172413793103448,0,0.04938271604938271,0.0,2,0,1
1,"ap 1, xa thuong thoi hau b, huyen hong ngu, dong thap",0.9047619047619048,0.023809523809523808,0,0.024691358024691357,0.0,2,1,0
1,"to 6, ap tan binh, xa tan hanh, huyen long ho, vinh long",0.8863636363636364,0.022727272727272728,0,0.037037037037037035,0.0,2,1,0
1,"so 57a khom 1, thi tran tam binh, huyen tam binh, vinh long",0.8723404255319149,0.06382978723404255,0,0.04938271604938271,0.0,3,1,0
1,"khu 5, phuong hai tan, thanh pho hai duong, hai duong",0.9069767441860465,0.023255813953488372,0,0.037037037037037035,0.0,2,1,0
1,"240, trieu quang phuc, phuong an tao, thanh pho hung yen, hung yen",0.8703703703703703,0.05555555555555555,0,0.012345679012345678,0.0,3,0,1
1,"nha ba ban, thon duyen tuc, xa phu luong, huyen dong hung, thai binh",0.9272727272727272,0.0,0,0.024691358024691357,0.0,0,1,0
1,"so nha 01, duong tran phu, to 24, phuong tran hung dao, thanh pho thai binh, thai binh",0.8695652173913043,0.057971014492753624,0,0.04938271604938271,0.0,3,1,0
1,"nha ong thanh, thon nam thinh, xa thai thinh, huyen thai thuy, thai binh",0.9322033898305084,0.0,0,0.024691358024691357,0.0,0,1,0
1,"so 06/16, pho tran khanh du, to 22, phuong tien phong, thanh pho thai binh, thai binh",0.8260869565217391,0.08695652173913043,0,0.037037037037037035,0.0,3,1,0
1,"ap 3, xa long cang, huyen can duoc, long an",0.8823529411764706,0.029411764705882353,0,0.024691358024691357,0.0,2,1,0
1,"896/2 quang trung, phuong 8, quan go vap, tp ho chi minh",0.8,0.1111111111111111,0,0.024691358024691357,0.0,3,0,1
1,"k66/11 ong ich duong, phuong hoa tho dong, quan cam le, da nang",0.8431372549019608,0.0784313725490196,0,0.024691358024691357,0.0,2,1,0
1,"xom 14, xa hoa hau, huyen ly nhan, ha nam",0.84375,0.0625,0,0.012345679012345678,0.0,3,1,0
1,"khu do thi song chau, thi tran vinh tru, huyen ly nhan, ha nam",0.9387755102040817,0.0,0,0.037037037037037035,0.0,0,1,0
1,"lo n, khu cong nghiep dong van ii, thi tran dong van, huyen duy tien, ha nam",0.9333333333333333,0.0,0,0.04938271604938271,0.0,0,1,0
1,"so 11 duong tran hung dao, phuong tran hung dao, thanh pho hai duong, hai duong",0.921875,0.03125,0,0.037037037037037035,0.0,3,1,0
1,"so 14 duong 455, to 8, ap hoi thanh, xa trung an, huyen cu chi, tp ho chi minh",0.8166666666666667,0.1,0,0.07407407407407407,0.0,4,1,0
1,"so 2 hoa phuong, phuong 02, quan phu nhuan, tp ho chi minh",0.8695652173913043,0.06521739130434782,0,0.037037037037037035,0.0,3,1,0
1,"130/10 cong lo, phuong 15, quan tan binh, tp ho chi minh",0.7555555555555555,0.15555555555555556,0,0.037037037037037035,0.0,3,0,1
1,"45/27/12 dinh nghi xuan, phuong binh tri dong, quan binh tan, tp ho chi minh",0.8225806451612904,0.0967741935483871,0,0.024691358024691357,0.0,2,0,1
1,"382-384-386 duong vo van kiet, phuong co giang, quan 1, tp ho chi minh",0.7368421052631579,0.17543859649122806,0,0.037037037037037035,0.0,3,0,1
1,"799/22/13 nguyen kiem, phuong 3, quan go vap, tp ho chi minh",0.7346938775510204,0.16326530612244897,0,0.024691358024691357,0.0,3,0,1
1,"38 hoang du khuong, phuong 12, quan 10, tp ho chi minh",0.7906976744186046,0.13953488372093023,0,0.024691358024691357,0.0,3,0,1
